  -2.8621560e+00   2.9060186e+00
  -4.0534431e+00   8.6423445e-01
  -9.0282381e-01   8.9428545e-02
  -2.7713443e+00   3.4040472e+00
   3.1770542e+00   5.7508303e+00
  -1.1795517e+00  -1.1703813e+00
  -3.7433301e-01   3.9985634e+00
  -1.1536367e+00  -5.0247799e-01
  -6.1366895e-01   2.2780893e+00
  -1.4659068e+00  -1.0528966e+00
  -4.4900227e-01   5.4602939e+00
  -1.4344577e+00   1.5330536e+00
  -8.3556044e-01  -1.1423866e+00
  -1.1702506e+00   4.5385227e-01
  -2.5180404e+00   6.8890823e-01
  -8.5425225e-01   1.8140136e+00
  -7.1918545e-01   5.5220823e+00
  -2.9854244e+00   1.3672617e+00
  -7.6954326e-01   5.4879569e+00
   3.8650649e-01  -4.2906424e+00
  -2.6968448e+00   3.3113210e+00
  -1.1695094e+00  -9.5952718e-01
  -3.6440372e+00  -4.8393385e-01
  -2.9025737e+00  -2.0906218e+00
  -4.2604749e-01   2.4580971e+00
   5.4633262e-01  -3.3799028e+00
  -1.3080071e+00   7.8991973e-01
  -9.1903652e-01  -7.3249912e-01
  -6.9406650e-01  -8.6456527e-01
  -7.2715756e-01  -2.8865614e+00
  -7.8238946e-02  -2.8530964e+00
  -2.7358897e+00   5.6725394e-01
   4.8746524e-01   4.9244482e+00
  -1.7277726e+00   1.7711677e+00
  -5.1562258e-01   4.2258974e+00
  -1.0338383e+00   2.4794957e+00
  -1.4216171e+00  -1.7607420e+00
  -1.6297226e+00   3.8023788e+00
  -4.9968657e-01  -3.5632191e+00
  -2.0940495e+00  -8.4479379e-01
  -1.6050027e+00   2.0523634e+00
  -1.0404633e+00   1.9152057e+00
  -3.0567477e+00  -3.8391879e+00
  -5.8496269e-01   2.9876197e-01
  -1.0520431e+00   4.4519356e+00
   1.4009860e+00  -2.0774119e+00
  -8.9602720e-01   1.0107091e+00
  -1.0008650e+00  -3.5831700e+00
  -1.0569164e+00   1.2910872e+00
  -2.4393082e+00   3.5564675e-01
  -3.3812303e+00   2.7812565e+00
   2.7564045e-01   5.2322944e+00
  -8.6581454e-01  -2.8204702e+00
  -8.4847144e-01  -2.4337953e+00
  -1.0734177e+00   5.3813983e-01
  -1.8969479e+00   1.5102301e+00
  -2.1126881e+00   1.3542329e+00
  -1.1287029e+00   2.9021352e+00
  -1.2252938e+00   1.6896361e-01
  -1.1154938e+00   1.7802405e+00
  -1.3984243e+00   1.7607316e+00
  -1.1615163e+00   9.7038347e-01
  -1.5364288e+00  -1.3723533e+00
  -3.1988113e+00   3.1265320e+00
   1.0167444e+00  -4.0986201e+00
  -1.6363017e+00  -2.4691982e+00
  -1.6762795e-01  -7.7825370e-01
  -3.8153726e-01  -1.3627335e+00
   9.0127897e-02   2.3275396e+00
  -8.7103588e-01  -3.1354184e-01
  -1.7965670e+00   1.2134542e+00
  -2.0461482e+00   1.3680035e+00
  -2.1206166e+00  -2.4421137e+00
  -2.2711756e+00   2.0236798e-01
   4.3014564e-01  -2.6299277e+00
  -2.6853629e-01  -1.5777763e-01
  -2.2342745e+00   4.7893949e+00
  -4.4127973e-01   5.2930601e+00
  -1.2324123e+00   3.9486115e+00
   1.1602370e-01   4.4108742e+00
  -1.5068358e+00   4.3772729e+00
  -2.2858281e+00  -1.5162791e+00
  -4.2662076e-01   3.9150686e+00
   2.1650488e-04   3.8934979e+00
   1.7771405e-01   4.1674656e+00
  -1.7401212e+00   1.0826636e+00
  -1.6111986e+00   8.3283339e-02
  -2.3595270e+00   2.4005455e+00
  -6.0812846e-01   9.9814090e-01
  -3.6785517e+00   1.9657785e+00
  -2.4377220e-01   4.8220498e-01
   3.2705339e-01  -3.1178883e+00
  -2.6774195e+00  -3.5027915e-01
  -8.5346985e-01  -1.1347831e+00
  -1.4602347e+00   2.4535286e-01
  -1.4435554e+00   1.4660547e+00
   1.9766996e+00  -3.7241381e+00
  -1.3003798e+00   3.1740938e+00
  -1.1065936e+00   2.7181137e+00
   5.6913213e-02  -1.2679861e+00
  -1.2455850e+00   1.2466276e+00
  -1.6007669e+00  -1.0970686e+00
  -1.5565116e+00   2.0971888e+00
  -1.3154308e+00  -2.0752963e+00
  -1.4090328e+00  -1.0398634e+00
  -9.8147475e-01   2.0427671e+00
  -3.4361016e+00   3.2832507e+00
  -2.1005665e+00   1.3616280e+00
  -2.9799995e+00  -2.2189445e+00
   3.0746506e+00   8.3253567e+00
  -9.4925955e-01  -1.0200286e+00
   1.2832040e+00   6.0400179e+00
   6.8270536e-01   4.7569355e+00
  -1.3832627e+00   1.6136438e+00
  -1.4579741e-01  -5.5776447e-01
   1.0335825e+00  -3.0813292e+00
  -3.7078504e-01  -2.9731990e+00
   9.7977252e-03   4.6152275e+00
  -2.9852893e+00  -3.6889603e+00
  -5.4685780e-01   3.3826852e+00
   1.6446697e+00   5.3563766e+00
  -1.7194905e+00  -2.9542527e+00
  -2.7496930e+00   3.3951541e+00
  -7.3071179e-01   3.8907678e+00
   1.8440911e-01   4.3823011e+00
  -1.5675635e+00  -1.0701876e-01
  -8.1983429e-02  -3.1433411e+00
  -7.6828386e-01   4.5310756e+00
   1.4980107e+00  -4.2629587e+00
  -2.2251101e+00   1.9151772e+00
  -3.1752865e+00   1.2392755e+00
  -2.2204342e+00  -2.2202570e-01
  -8.3534351e-01  -2.8176103e+00
  -1.2945840e+00   2.6584916e+00
   8.4216205e-01  -4.4609634e+00
  -2.9105164e+00  -1.6895985e+00
  -2.8570393e-01   4.8802849e+00
  -8.8918328e-01   4.2093421e+00
  -6.7053226e-01   3.6189101e+00
  -2.4639818e+00   3.1533230e+00
   5.1794220e-01  -2.4551894e+00
  -8.5848114e-01   5.3365257e+00
   3.2106939e+00  -4.2712608e+00
   3.3440543e+00   6.0601599e+00
  -2.6775934e+00   2.0577992e+00
  -3.2706866e+00   1.9693903e+00
  -2.9265113e+00  -7.5020004e-01
  -3.2055318e+00  -6.5439296e-01
  -9.2453661e-01   5.1832088e+00
  -1.6632698e+00  -5.7767036e-01
   8.5066123e-01   3.9204196e+00
  -2.2272180e+00   3.4193482e+00
   1.6130198e-02  -3.1164497e+00
  -1.9195808e+00   1.2005188e-01
  -5.8162322e-01   4.3193199e+00
   2.5974302e-01  -2.2573567e+00
  -1.7799280e+00   8.5738434e-01
  -7.6939077e-02   1.8748080e+00
  -2.8898995e+00  -1.0970607e+00
  -2.1911456e+00   1.7495857e+00
   1.6033411e+00  -6.0004888e+00
  -1.8089940e+00   2.2976279e+00
  -1.2405969e+00  -8.6024151e-02
  -5.0263776e-01   1.6130583e+00
  -1.1628169e+00   4.4304547e+00
  -1.7206053e+00   2.4349201e-01
  -3.7781325e+00  -2.2840347e-01
  -3.4203174e+00   1.1191956e+00
  -1.5715364e+00  -7.7292948e-01
  -1.2642625e+00  -1.3940890e+00
  -2.1725564e+00   3.6451911e+00
  -3.3327211e+00  -2.6707092e-01
  -2.1008978e+00  -8.9247244e-01
  -7.5205223e-01   2.8198222e+00
  -1.6404425e+00   1.5165049e-01
  -2.3337341e+00   2.7984717e+00
  -1.9244590e+00   4.3349834e-01
  -8.2945406e-01   1.9722872e+00
   1.2644931e+00  -2.7319985e+00
  -4.1183934e+00  -7.8744914e-01
  -1.6925916e+00   1.0221850e+00
  -8.0570924e-01   2.9964633e+00
   2.3881077e+00   5.7734609e+00
  -3.1064950e+00  -1.0692282e+00
  -1.3774293e+00   3.0818710e+00
  -1.5183410e+00   2.7779531e-01
  -8.2425026e-01   3.1637651e+00
  -1.8513804e+00  -3.1901218e+00
  -1.6713209e+00   2.2850721e+00
  -1.4310633e+00   1.5120230e+00
  -1.1985570e+00   3.4846960e+00
  -1.3587155e+00   3.1949837e+00
  -1.2080911e+00  -3.0996061e+00
  -2.8638538e+00   8.8996091e-01
  -1.1117549e+00  -1.0165989e+00
  -1.7473722e-01  -4.9859631e-01
  -2.7512320e+00   1.0022109e+00
  -1.3499377e+00  -8.5274490e-02
  -5.0964772e-01  -1.3061975e+00
  -1.6828964e+00  -3.0147168e+00
  -3.0239353e-01   4.3819055e-01
   2.7393439e+00  -4.6459405e+00
  -2.1968091e+00   2.9232233e+00
  -1.1496251e+00   3.3771591e+00
  -7.8736170e-01  -3.4775157e-02
  -2.5684657e+00   2.2913588e+00
  -2.0641826e+00  -8.1728805e-01
   7.5452277e-01   5.5520073e+00
  -1.2096238e+00   8.5551978e-01
  -1.6941060e+00  -6.8058747e-01
  -1.6498377e+00   2.1927672e+00
  -1.4738717e+00   3.1108829e+00
   1.3164237e+00   4.9617347e+00
  -1.1591822e+00   4.4593930e+00
  -2.6404555e+00  -9.2759687e-01
  -6.8565242e-01  -2.1819883e+00
  -3.2678499e-01  -4.6780460e+00
  -4.8484154e-01  -3.3982324e-01
  -3.6618617e-01   3.4266316e+00
  -6.4142644e-01   4.8346683e+00
  -1.8001507e+00   3.0152432e-02
  -2.2079977e+00   4.3678400e-01
   1.6283343e-01   1.2926243e+00
  -8.6016618e-01   2.1091695e+00
  -1.8086127e-01   7.5865481e-01
  -1.4119872e+00   4.8634548e+00
  -8.8312172e-01   3.3747051e+00
  -3.6245498e+00   2.7705933e+00
  -3.0352519e+00   3.0369079e+00
  -4.4927238e-01  -2.9265360e+00
  -2.8847196e+00   1.0696332e+00
  -3.3153434e+00   2.1548089e-01
   9.6175601e-01  -2.7228302e+00
  -8.6622878e-01   1.7875066e+00
  -2.4765063e+00   3.9204227e-01
  -9.7376880e-01   4.9758910e+00
   4.4240530e-01  -8.0966016e-01
  -9.4749471e-02   3.5580966e+00
  -2.3423509e+00   2.5329670e+00
  -1.6605009e+00   6.2278801e-01
  -2.8394328e+00   6.2579635e+00
   2.8217329e+00   4.9518236e+00
   1.1146831e-01  -2.4467134e+00
  -3.0852479e-01  -1.3865787e+00
  -3.0952705e-01  -4.8635921e-01
   9.6570286e-01   4.3421723e+00
  -3.2839127e+00   7.7987764e-01
  -9.7944631e-02  -2.5506169e+00
  -1.3071568e+00  -8.2529745e-01
  -2.2345429e+00   1.3682926e+00
  -2.7043629e+00   1.4040648e+00
  -4.1462921e+00   3.0215672e+00
  -2.6651093e+00   1.2223649e+00
  -4.1965275e-01   4.5682998e+00
   1.2449240e-01  -2.5011701e+00
  -1.2884817e+00  -2.3656995e+00
  -2.5254968e+00   1.0765407e+00
  -7.1729313e-02  -1.9630536e+00
  -1.4627193e+00   1.9665467e+00
  -7.7090507e-01   1.1910227e+00
  -3.0727198e+00   1.5311874e+00
  -6.1468912e-01   4.9702930e+00
  -1.5023912e+00  -1.2681447e+00
  -3.7197391e+00   2.4860127e+00
  -4.8606549e-01  -3.5559955e+00
  -2.6832240e+00  -1.8938912e+00
  -3.0917986e+00   2.7022315e+00
  -5.8031210e-01  -2.7292839e+00
   1.7899543e-01  -2.4458953e+00
  -8.8404259e-01  -4.6402085e-01
   8.7892455e-02  -5.4140642e-01
  -2.3031723e+00   1.4446797e+00
  -4.1781129e-01   4.0476641e+00
  -1.1502202e+00   4.9380008e-01
  -5.3165107e-01  -8.3032673e-01
  -1.9139137e+00  -2.1383116e+00
  -1.5898664e+00   2.4518105e+00
  -1.8411387e+00   2.8290884e+00
  -1.5737871e+00  -1.6869653e+00
  -1.2801269e+00  -2.0835238e+00
  -1.0459464e+00  -1.3894827e+00
  -1.7978395e+00   3.3275825e+00
  -1.2619869e+00  -1.1259963e+00
  -1.0069336e+00  -7.2520764e-01
  -2.8004558e+00  -8.5089675e-01
   1.4768557e+00   5.9500421e+00
  -3.7496096e+00   3.3261668e+00
   9.9705499e-01  -2.6872611e+00
  -6.5306786e-02  -2.2660956e+00
  -4.6153709e-01   6.3611786e+00
  -2.0753415e+00   3.5403604e+00
   3.8799883e+00   5.0315886e+00
  -1.7712985e+00   1.9959568e+00
  -3.5797860e+00  -5.1639613e-01
  -3.9749188e-01   2.4102975e+00
  -9.7880183e-01   4.1708336e+00
  -2.0802142e-01   5.0574233e+00
   1.5350280e+00   4.5607277e+00
  -2.8733613e+00   6.6362107e+00
  -2.0741228e+00   1.2243042e+00
   4.2810708e-01   1.3318421e+00
  -1.0452556e+00  -2.0805239e+00
  -2.3474055e+00  -3.7885633e-01
  -1.9102216e+00   3.1794228e+00
  -6.1337723e-01   3.2787629e+00
  -7.1689693e-01   4.7510057e+00
  -1.2359688e-01   2.9123445e+00
  -2.7806026e+00   3.0405481e+00
  -3.2088467e+00   2.6511083e+00
  -3.9139779e-01   5.2833617e+00
  -2.0230727e+00   3.4491998e+00
  -8.9333691e-01   4.4029405e+00
   1.6553724e-02  -5.1350447e-01
  -3.3204852e+00   7.9402522e-01
  -3.6068556e+00   1.7269498e+00
  -1.9853642e+00   4.0977444e+00
  -2.8820929e+00   3.4941264e+00
   1.6311829e+00   6.2334594e+00
  -7.1983161e-01  -3.6563004e+00
  -2.1931840e+00   2.8475348e+00
   2.6161628e+00   6.8771764e+00
  -3.3159932e+00   2.3596266e+00
  -2.0067369e+00   9.1364268e-01
  -1.1466195e+00   4.4118810e+00
  -2.1572384e+00   1.7579071e+00
  -1.9107642e+00   1.2639694e+00
  -2.4323891e+00   6.9811680e-01
  -1.6335361e+00  -2.2415803e+00
  -6.3329963e-01   3.7485974e+00
  -8.3761404e-01  -1.5519472e+00
  -1.0160975e+00  -1.9011056e+00
  -1.6969078e+00  -7.0742368e-01
  -5.0228763e-01   3.3029933e+00
  -3.0829313e+00   4.3380840e+00
  -2.3046002e+00   3.1549182e+00
  -1.7717495e+00   9.1909294e-01
  -2.0076478e+00   8.6191082e-02
   5.1849926e-01  -9.2951863e-01
  -4.0901418e-01  -9.7925427e-01
  -6.6494487e-01  -8.7676025e-01
  -1.2655523e+00   1.4348475e+00
  -3.0155116e+00   1.1109494e+00
  -1.3231427e+00  -2.1932974e-03
  -2.1546718e+00   1.0976839e+00
  -3.2038070e+00   4.3054533e+00
  -3.8064669e+00   1.1643769e-01
  -1.2516824e+00   2.5422939e+00
  -4.0528536e-01   5.2996960e+00
  -1.7378857e+00   2.3558808e+00
  -2.3315248e+00   1.0292499e+00
  -2.8915345e+00   4.1943346e-01
  -2.2439377e+00  -2.4527830e+00
  -1.4861552e+00   8.8364731e-01
  -3.7972093e+00  -2.7510739e+00
  -1.6545176e+00   2.6226762e-01
  -2.7785115e+00   1.9074268e+00
  -2.4753031e-01  -3.7251408e+00
  -2.0517226e+00   4.0483068e-01
  -2.1476044e+00   1.7206693e+00
  -1.9677208e+00   4.8405056e+00
  -2.6340540e+00  -2.1255660e+00
  -4.2457825e-01   1.7556562e+00
  -2.4863315e+00   5.2712263e-02
   2.4931029e-01   4.3569775e+00
  -9.0764326e-01  -2.6302493e-01
  -1.7848962e+00   1.7894312e+00
  -1.4875208e+00   6.2597732e-01
  -9.6023582e-01   4.7875623e+00
  -2.2838873e+00   3.1967900e+00
  -1.4362187e-02  -3.1904357e+00
  -1.0680660e+00  -5.7537261e+00
  -2.0421905e+00  -9.2635651e-01
   1.9504971e-01   4.8920577e+00
  -2.6147313e+00   3.6888981e+00
  -4.8665068e-01  -3.7112214e-01
  -1.6856742e+00   2.5833271e+00
   1.4642367e+00  -4.5998259e+00
  -2.4603805e+00   2.6337386e+00
  -4.6582245e-01  -1.1611435e+00
  -4.3856282e+00  -1.2274358e-01
  -7.5595793e-01   4.2756735e-01
   1.1044720e+00  -2.5242877e+00
  -1.6553861e+00   2.9047392e+00
  -8.6186761e-01   1.9157109e+00
   7.9470004e-01   4.2780145e+00
  -3.1976781e+00   1.1486663e-01
  -1.1867662e+00   2.3312804e+00
  -1.4860148e+00  -1.7279068e+00
  -1.6853256e+00  -3.2920926e+00
  -8.6201658e-01   5.9169092e+00
   1.3543065e+00  -2.6215767e+00
   2.2785339e-01   5.9031916e+00
  -2.4848499e+00  -1.5684771e+00
   1.2230653e+00   4.6559396e+00
  -4.6239911e-01  -1.0071257e+00
  -2.0096872e+00  -1.2979492e-01
  -1.1522480e+00  -5.4957283e-01
  -5.6868089e-01  -2.9260918e-01
   9.1373714e-01  -2.7382857e+00
  -1.9572837e+00   1.9483606e+00
   5.4881790e-01   4.4734029e+00
  -1.0977936e+00   6.1964950e+00
   1.5071786e-01  -2.9158883e+00
  -1.6965798e+00  -1.1410463e+00
  -2.9432455e+00  -2.1969400e+00
  -1.7475392e+00  -8.1649855e-01
  -2.1169011e+00   4.7220862e+00
  -3.0142388e+00  -8.6593697e-01
  -8.3493302e-01   2.1966293e+00
  -1.7508093e+00  -1.2760526e+00
  -6.1333181e-01   3.3895729e+00
   2.3221298e+00  -4.2255692e+00
   1.0065098e+00   5.9597864e+00
  -9.1478980e-01  -1.3050051e+00
  -1.0182808e+00  -1.1766397e-01
  -1.0018052e+00   6.5241874e-01
   2.7748621e+00  -4.3584652e+00
  -2.9040722e+00   2.5505261e+00
  -9.1130622e-01  -1.2017770e+00
   2.1574183e+00  -3.6645699e+00
  -7.6006589e-01  -3.7679122e+00
  -4.8948782e-01   4.2349330e+00
  -1.0834443e+00  -1.7048470e+00
  -1.2795580e+00   1.6815366e+00
  -1.4312843e+00  -1.6864719e+00
  -3.2274055e+00   2.2000857e+00
   2.3466152e-01   3.7779132e+00
  -5.2791789e-01   3.9911689e+00
  -7.7270024e-01   4.3672862e+00
  -1.4130513e+00   3.4229225e+00
  -7.5987080e-01   4.1299130e+00
  -1.5094749e+00  -2.6562281e+00
  -2.9516229e+00  -4.2242040e-01
  -2.2557424e+00   1.1772934e+00
  -1.3146690e+00   4.0205284e+00
  -7.6460847e-01  -6.2320159e-01
   4.5304728e+00   6.8848510e+00
  -2.3831537e+00   3.4475512e+00
  -8.8554214e-01  -2.1472921e+00
   1.2185905e+00  -2.6347452e+00
  -1.7136528e+00   1.6202563e+00
  -6.7896739e-01  -7.3025757e-01
   1.8866020e+00  -4.3599610e+00
  -1.5855130e+00   3.0277154e+00
  -2.9139475e+00   1.6111085e+00
   8.1443640e-01  -2.2543975e+00
  -6.0226947e-01  -7.9642381e-01
  -2.2479848e-01  -3.4340863e+00
  -1.4574104e+00  -9.0635312e-01
  -2.4950227e-01  -1.0713804e+00
  -1.2223201e+00   8.0086967e-02
  -1.7761567e+00  -2.0336535e-01
   2.5985623e+00   6.2624023e+00
  -2.2927695e+00   1.4739131e+00
  -1.9215056e+00   1.8939989e+00
  -2.9209697e+00   3.8537774e+00
  -1.8248289e+00   5.3507071e+00
  -4.2857003e-01   1.8191599e+00
  -1.0915176e+00   2.5148912e+00
  -1.8218655e+00  -2.6569346e-01
  -1.2492521e+00   3.6281544e+00
   6.4052071e-01   4.1058624e+00
  -1.1270697e+00   6.2530161e+00
  -2.7774798e+00  -2.3288486e-01
   1.0512470e+00   5.5842598e+00
  -6.9740029e-01   8.4704095e-02
  -2.5439523e+00   1.7306566e+00
  -2.6104139e+00  -3.2984953e-01
  -1.8651949e+00   3.7386747e+00
  -2.4928430e+00  -1.4171830e+00
  -8.3669658e-01  -2.2828713e+00
  -1.7598668e+00   4.0246190e-01
  -5.3111943e+00   1.1050258e-01
  -1.8753674e+00   2.0490476e-01
  -2.9718314e+00   2.5153415e+00
  -2.7306279e+00   1.3993049e-01
  -1.6780902e+00   2.7225543e+00
  -4.7927635e-01   3.3522284e+00
  -2.4860438e+00  -9.4700655e-01
  -1.8845089e+00   2.1717699e+00
  -2.7386107e+00  -9.8566873e-01
  -2.4132690e+00   8.3853400e-01
  -3.3711933e+00  -9.9685214e-01
   5.3587957e-01  -1.6728624e+00
   1.0201822e+00   6.0972438e+00
  -1.8212225e+00  -3.2747977e-01
  -3.0778778e+00   2.3046177e+00
  -7.7617299e-01   4.1955959e+00
  -6.1735886e-01   1.9217220e+00
  -2.0624681e+00   2.2780307e+00
   2.4980010e+00  -3.0360216e+00
   1.3168376e-01   3.0785630e+00
   7.9020825e-01  -2.1162387e+00
  -1.9821958e+00   1.9213963e+00
  -1.7595911e+00  -1.3354733e+00
  -8.7833937e-01   1.2868822e+00
  -6.2486476e-01   3.5516227e+00
  -2.9975137e+00  -5.7845185e-01
  -1.3729166e-01  -2.5995791e+00
  -1.3295921e+00  -1.8557046e+00
  -1.2266427e+00   1.6651312e+00
  -7.5018223e-01  -1.0018205e+00
  -7.1189563e-01   2.5144879e+00
  -1.6683989e+00  -1.1256172e+00
  -2.1718112e+00   2.3459059e+00
  -2.2609274e+00   8.1665545e-01
   1.5237533e+00   3.9890956e+00
   3.8660524e+00  -2.4455492e+00
  -1.9649617e+00  -2.4243825e+00
  -1.4269135e+00   1.3210326e+00
  -3.3676404e+00   1.5043005e+00
  -2.0437293e+00   2.8847617e-01
  -2.6311877e+00   3.4563894e+00
  -1.0266104e+00   4.2730902e+00
   1.7800159e+00   3.6980552e+00
  -6.4720694e-01  -1.6177654e+00
  -1.0437733e+00  -3.0831979e+00
  -9.7976260e-01   8.8355219e-01
  -2.8321980e+00   2.0310099e+00
  -2.8482886e+00  -1.9495002e+00
   3.7595299e-01   5.6260777e+00
   2.2155364e+00   6.1575446e+00
  -9.3832278e-02   4.1639603e+00
   1.3002382e-01   2.3708577e+00
  -1.2295416e+00  -3.0121547e+00
  -1.6252601e-01   4.6984456e+00
  -1.2150731e+00   5.5330845e+00
   8.2028464e-02   5.0081141e+00
  -1.7542533e+00   2.3423542e+00
  -1.6560665e+00   5.5804108e-01
   1.7353778e+00   8.0474709e+00
  -2.8220287e+00   1.1969958e+00
  -1.8586589e+00   3.3135535e+00
  -4.8159960e-01  -7.5692970e-01
   1.2812167e+00  -3.1348548e+00
  -7.3844273e-01  -3.1609524e+00
  -2.2175405e+00  -1.7670813e+00
  -2.6152779e+00   2.2790704e+00
  -1.0309597e+00   3.4479308e+00
  -2.4380676e+00   2.5115345e+00
  -6.2199225e-01   1.0033717e+00
  -1.2211717e-01  -3.2336095e+00
  -2.4614277e+00   1.1847629e+00
  -1.1855951e+00   4.8257975e+00
  -1.8518361e+00   3.0642045e+00
  -2.0440876e+00   3.2329530e+00
  -6.1133457e-01  -6.0932405e-01
  -9.9605124e-01   4.8750396e-01
  -2.8768970e-01  -6.0177335e-01
  -1.1830491e+00   4.6383950e-01
  -2.5465969e+00   1.0467478e+00
  -2.0537097e+00   1.8775215e+00
  -1.4933204e+00   8.2059018e-01
  -5.5898747e-01  -4.9015440e-01
  -1.3967125e+00   3.3711738e+00
  -5.0578445e-02   5.4832090e+00
  -2.6787999e+00   2.4333710e+00
  -3.5519612e-01   5.0023278e+00
  -1.3823354e+00   1.6226326e+00
  -3.4847001e-01  -2.0597881e+00
  -1.1338093e+00   1.0984550e+00
  -3.4068322e+00   2.2745606e+00
   4.3770066e+00  -5.4031879e+00
  -3.2510617e+00   1.0791958e-01
  -1.3379772e+00   2.6371620e+00
  -1.8317408e+00   1.4419603e+00
  -5.8350214e-02   4.5265032e+00
  -1.1619191e-01   2.8153802e+00
  -7.2447811e-01   1.9029008e+00
  -2.9871963e+00   1.8061396e+00
  -1.8773847e+00  -3.5087535e+00
  -9.5881274e-01  -1.0000377e-01
  -1.3420054e+00   2.1435432e+00
  -1.7797324e+00  -1.2616685e+00
  -9.7204038e-01   4.1090964e+00
  -1.2776103e+00  -6.0724636e-01
  -2.1655951e+00   4.4558554e+00
   3.3487555e-01   7.8762104e-01
  -1.9464635e+00   1.9967680e+00
  -1.4087330e+00   3.7590086e+00
  -2.5012076e-01   4.8293003e+00
  -1.7466784e+00   3.7098459e+00
  -1.6924440e+00  -4.6988573e-01
  -2.6485307e+00   5.6937171e-01
   3.0118513e-01   3.8473980e+00
  -1.6648819e+00   3.5650769e+00
  -2.0875655e+00  -3.3033210e+00
  -1.1110337e+00   3.2775144e+00
  -2.4088246e+00   1.6081074e+00
  -2.2930636e+00   5.2858655e-01
  -2.7107610e+00  -2.9249150e+00
  -2.4048019e+00   1.7725472e+00
  -1.3752175e+00   1.2736678e+00
  -7.5943630e-02  -3.2338434e+00
  -1.6344822e+00  -2.9516520e+00
   2.6792412e-01  -3.1282936e+00
  -3.6431730e+00   9.3323096e-01
  -2.4700675e+00  -2.6817973e+00
  -1.6184860e+00  -1.7228559e+00
  -1.7184790e+00  -8.2967253e-01
   1.4657735e+01   1.4470349e+01
   1.4352328e+01   4.7500306e+00
   1.4026115e+01   1.9159053e+01
   1.1261517e+01  -3.9857985e+00
   9.0284357e+00  -9.1986717e+00
   1.5619251e+01   1.8439354e+01
   1.7183856e+01   9.8071000e+00
   1.5222138e+01   1.3841445e+01
   1.4799975e+01   1.0522584e+00
   1.0738964e+01   2.4052530e+01
   1.4194553e+01   3.4214343e+00
   1.3861370e+01   1.5537471e+01
   1.2828456e+01  -2.5267665e+00
   1.4273157e+01  -5.8573342e-01
   1.2636038e+01   2.0814102e+00
   1.5452602e+01   6.6280446e+00
   1.5791871e+01   1.3447211e+01
   1.4366557e+01   2.0373092e+01
   1.4645358e+01   1.9497570e+01
   1.7430164e+01   1.4710661e+01
   1.4728041e+01   1.4293524e+01
   1.6422678e+01   5.7688573e+00
   1.3676585e+01   2.5177481e+00
   1.6925637e+01   6.4365287e+00
   1.4910256e+01   1.3914171e+01
   1.6065883e+01   2.1698699e+00
   1.3367551e+01   2.8347546e+01
   1.0365736e+01   2.2199637e+01
   1.4452792e+01   1.6458147e+01
   1.7222149e+01   1.3464732e+01
   1.5920003e+01   2.9710113e-01
   5.4665505e+00  -1.1403728e+01
   1.4289181e+01   2.3377183e+00
   1.1613293e+01  -2.4647860e+00
   1.3806522e+01   1.5831093e+01
   1.0057984e+01   2.4294422e+01
   1.6109277e+01   1.1367454e+01
   1.5948439e+01   4.0899093e+00
   1.5653325e+01   4.5626944e-01
   1.5450862e+01   4.9424111e+00
   1.5554813e+01   1.5757816e+01
   1.5305856e+01   8.7155711e+00
   9.4185728e+00   2.5349389e+01
   1.3268198e+01   9.9515448e-01
   3.5431061e+00  -1.4027621e+01
   1.4484330e+01   8.7211210e+00
   1.4043583e+01   1.0524937e-01
   1.6476087e+01   1.4673407e+01
   1.6348111e+01   1.0547672e+01
   1.2082199e+01   2.4223744e+01
   9.0656134e+00  -7.8899785e+00
   1.2895846e+01   1.2446671e+01
   1.4559460e+01   1.7133674e+01
   1.3084883e+01  -5.6319551e+00
   1.2243495e+01   1.9422007e+01
   5.9652237e+00   3.0662959e+01
   1.7570683e+01   9.6151371e+00
   1.3756505e+01   1.9112828e+01
   1.5997482e+01   1.0296368e+01
   1.0029588e+01  -3.5854409e+00
   1.5302895e+01   1.4605855e+01
   1.6429375e+01   4.3923688e+00
   1.4004529e+01   5.2488763e+00
   1.5135796e+01   1.3596367e+01
   1.4453488e+01   1.8794168e+01
   1.1095721e+01  -5.5099796e+00
   1.2241638e+01   2.5871503e+01
   1.6758550e+01   1.5796090e+01
   1.6408171e+01   6.7140216e+00
   1.5708722e+01   1.9321588e+01
   1.3550158e+01   1.1095317e-01
   1.5738450e+01   8.8186103e+00
   1.3346384e+01   1.6703173e+01
   1.7976079e+01   5.3199303e+00
   1.4010398e+01   6.9007118e+00
   1.4932070e+01   6.7884867e-01
   1.5452612e+01   1.2208948e+01
   1.6278806e+01   7.9017753e+00
   1.4343645e+01   8.7137671e+00
   8.5568795e+00   2.6096282e+01
   1.5798367e+01   1.3919221e+01
   1.7335909e+01   4.2392202e+00
   1.6035047e+01   1.1872507e+01
   9.5286353e+00  -7.9552782e+00
   8.9884519e+00  -8.6111139e+00
   1.5565232e+01   1.5682317e+00
   1.3413006e+01  -1.2870059e+00
   1.4912309e+01   6.3032239e+00
   1.3670287e+01   1.8896025e+01
   1.5432532e+01   1.2734409e+01
   1.0423281e+01  -5.7464427e+00
   1.8006592e+01   6.3307766e+00
   9.6987082e+00   2.5250446e+01
   1.4689787e+01   1.5643034e+00
   5.6094002e-01  -1.3528844e+01
   7.8021050e+00  -1.0318116e+01
   1.3585963e+01  -1.5587096e+00
   1.4168279e+01   1.6031821e+01
   1.6062951e+01   1.0830453e+00
   1.7221662e+01   1.3221517e+01
   1.5432366e+01   7.6532041e+00
   1.5538052e+01   5.8695222e+00
   1.3291016e+01   2.3288441e+01
   1.1561466e+01  -4.5898060e+00
   1.2939074e+01  -2.2280064e+00
   1.5401133e+01   4.2449822e+00
   1.4318357e+01   1.7278247e+01
   1.1416821e+01   2.0490000e+01
   7.1984489e+00  -1.0726375e+01
   1.5325192e+01   1.4923570e+01
   1.3923421e+01   1.4942512e+00
   1.3924560e+01   5.8002349e+00
   9.2956652e+00  -8.9974423e+00
   1.5204593e+01   4.0192766e+00
   1.5174960e+01  -2.6217096e-01
   1.3817516e+01   1.8947513e+00
   9.7089151e+00   2.3028663e+01
   1.4898053e+01   1.9067263e+01
   1.5031018e+01   1.4671888e+01
   1.3021436e+01  -3.1697667e+00
   1.2304884e+01  -4.1905176e+00
   1.5466327e+01   1.0592393e+01
   1.0045091e+01  -9.6805564e+00
   1.7077256e+01   8.5262185e+00
   1.4107290e+01  -7.6621946e-02
   1.6205688e+01   1.1631190e+01
   1.2731724e+01  -2.7896365e+00
   1.5653442e+01   4.8239363e+00
   9.3201197e+00  -8.1772188e+00
   1.5474129e+01   1.1680169e+01
   1.7630691e+01   6.8190197e+00
   9.9795468e+00  -6.5596009e+00
   1.6687218e+01   8.4027645e+00
   1.6186886e+01   7.0264642e+00
   1.5032298e+01  -9.5685594e-01
   1.4815285e+01   1.4873893e+01
   1.4652415e+01   3.8221636e+00
   9.0986736e+00  -8.9174235e+00
   1.7817347e+01   5.1349408e+00
   1.4262366e+01  -8.1614356e-01
   1.4317243e+01   1.2848584e+00
   1.1145604e+01  -5.4445687e+00
   1.6468748e+01   1.7878304e+01
   1.1073873e+01  -4.3448926e+00
   1.5808985e+01   7.4206938e+00
   1.5038393e+01   4.6550045e+00
   1.3838813e+01   1.5155362e+01
   1.4713505e+01   2.0059375e+00
   1.6315892e+01   1.2236175e+01
   1.5158529e+01   1.8410422e+01
   1.6711279e+01   8.7380354e+00
   1.5129844e+01   6.0740892e+00
   1.5955986e+01   1.3886471e+01
   1.4526026e+01   9.3856093e+00
   7.0865708e+00   2.4199725e+01
   1.5795827e+01   1.0339479e+01
   9.3958498e+00  -7.6935930e+00
   1.3604815e+01   1.4890263e+01
   1.4636336e+01   1.4395432e+01
   1.5311646e+01  -2.4246211e+00
   1.7257141e+01   1.5759680e+00
   1.6247183e+01   1.7157899e+01
   1.4731089e+01  -1.1308276e+00
   1.4898337e+01   3.5657700e+00
   1.6515627e+01   1.0706726e+01
   1.2702726e+01  -1.6841609e+00
   1.7007212e+01   1.0784994e+01
   1.6197940e+01   8.7611079e+00
   9.2549908e+00   2.5513414e+01
   1.5739005e+01   1.1957569e+01
   1.6113438e+01   3.5710956e+00
   1.6067365e+01   1.7885147e+01
   1.4076007e+01   5.2096044e+00
   1.3073152e+01   2.0260000e+01
   1.1680802e+01  -3.6739767e+00
   1.4673706e+01   1.9691961e+01
   1.5937834e+01   1.4280824e+01
   1.4900858e+01   1.4390287e+01
   1.9300175e+01   6.1052615e+00
   1.3177814e+01   1.7899821e+01
   1.7713013e+01   7.6024579e+00
   1.5644575e+01   1.1817235e+01
   1.3887531e+01   4.2973728e+00
   1.4482846e+01   1.6673930e+01
   1.7065089e+01   5.9039555e+00
   1.5671491e+01   1.9109227e+01
   1.3012884e+01   1.5526139e+01
   1.4985170e+01   1.4798300e+00
   1.3196072e+01  -3.6085864e+00
   1.4991420e+01  -3.7535459e-01
   1.5947243e+01   1.6244797e+00
   1.1212655e+01  -1.6250042e+00
   1.5885566e+01  -1.6080168e+00
   1.5269795e+01   8.2219880e+00
   1.4157439e+01   1.8345053e+00
   1.3300560e+01   1.8604813e+01
   1.6010708e+01   1.2458585e+01
   1.3116744e+01   2.0216929e+01
   1.5980475e+01   1.3231467e+01
   1.4399237e+01   1.4688638e+01
   1.7029189e+01   1.3115439e+01
   1.4325225e+01   9.8004632e-01
   1.3878096e+01   1.1845067e+00
   1.6193220e+01   6.8102615e+00
   1.5824996e+01   8.1213994e+00
   1.5696922e+01   1.6722264e+01
   1.5143603e+01   7.1931982e+00
   1.4709692e+01   6.2167677e-02
   1.6264274e+01   1.0403823e+01
   1.7649346e+01   1.2414439e+01
   4.5536551e+00   3.1497130e+01
   1.3590641e+01   2.3111282e+01
   1.5096428e+01   1.5672064e+01
   1.4635837e+01   2.0003338e+01
   1.4630387e+01   7.0208079e+00
   9.6400190e+00  -5.8206163e+00
   1.3579984e+01   2.0029520e+01
   1.6574756e+01   1.1699907e+01
   1.0241801e+01   2.2940751e+01
   1.3540871e+01   2.0111234e+01
   1.3396667e+01   1.7280985e+01
   1.8453203e+01   7.1741677e+00
   1.3705327e+01   1.6397427e+01
   1.5485161e+01   4.6506861e+00
   1.4117843e+01   1.0702882e+01
   1.4915065e+01   8.4157874e+00
   1.5835653e+01   1.2826112e+01
   4.9536578e+00   2.7572586e+01
   1.6279977e+01   6.2793499e+00
   1.6772643e+01   7.0321962e+00
   1.2212786e+01   2.2264128e+01
   1.6244323e+01   2.7362367e+00
   1.7150180e+01   6.9171606e+00
   1.4784087e+01  -3.9747274e+00
   1.6406089e+01   1.2785633e+01
   1.5517691e+01   1.3824920e+01
   1.7345809e+01   1.5751287e+01
   1.6718099e+01   1.0774655e+01
   1.5174295e+01   1.2522862e+01
   1.5093612e+01   5.2079522e+00
   1.0049437e+01  -7.2478760e+00
   1.5128523e+01   2.6929379e+00
   1.3934941e+01   1.7984613e+01
   1.1579146e+01   2.1908838e+01
   1.4924487e+01   1.7951737e+01
   1.5278569e+01   4.2331639e+00
   1.4723381e+01   1.4077237e+01
   1.3057080e+01  -8.0611648e-01
   1.5787447e+01   1.4173738e+01
   1.6417563e+01   1.4977351e+01
   1.2254517e+01  -4.9021910e+00
   1.4997149e+01   6.2671968e+00
   1.0335676e+01   2.4728934e+01
   7.1460002e+00  -1.0291112e+01
   1.4755220e+01   2.9973135e+00
   1.0179061e+01  -3.7811786e+00
   1.2653657e+01  -7.7971725e-02
   1.1461044e+01  -6.6910819e+00
   1.3739500e+01   1.2097284e+01
   1.3997102e+01  -2.1413997e+00
   1.6612563e+01   1.0821144e+01
   1.5201780e+01   1.4630936e+01
   1.6016838e+01   4.8887720e+00
   1.5553802e+01   1.5916328e+01
   1.8929254e+01   7.2529179e+00
   1.5219858e+01   6.1551936e+00
   1.6359446e+01   1.3227959e+01
   1.2933246e+01   1.9246256e+01
   1.6760890e+01   4.6334748e+00
   1.1500643e+01   2.3005365e+01
   1.3962421e+01  -3.1220062e+00
   7.1013080e+00  -8.3950986e+00
   1.5471648e+01   1.1617861e+01
   6.8660361e+00  -1.1969510e+01
   1.5118174e+00  -1.4210774e+01
   1.7503988e+01   5.0268953e+00
   1.6811362e+01   9.6892430e+00
   1.8295608e+01   3.3232477e+00
   1.7227114e+01   5.0803698e+00
   1.4243684e+01   1.2557725e+01
   1.4052159e+01   4.0209186e+00
   1.5494291e+01   8.7330767e+00
   1.4364551e+01   4.5950378e+00
   1.5250076e+01   4.0969090e+00
   1.1263443e+01   2.4947615e+01
   1.0478231e+01   2.5093600e+01
   1.5275498e+01   1.0133826e+01
   1.6078427e+01   1.7635112e+01
   1.3508830e+01   2.1297293e+01
   1.1001931e+01  -7.0916856e+00
   5.9836808e+00  -1.2087190e+01
   1.4619834e+01   2.0759698e+01
   1.5681279e+01   9.5422178e+00
   1.1931908e+01  -2.2758802e+00
   1.5227466e+01   1.4536025e+01
   1.4570805e+01   1.7336326e+01
   9.6585183e+00   2.5393486e+01
   1.6402808e+01   8.0293140e+00
   1.7184758e+01   8.3323140e+00
   1.3539448e+01  -2.0404624e+00
   3.0171916e+00  -1.2640637e+01
   1.4915936e+01   2.2832164e+00
   1.3353701e+01   2.1818546e+01
   1.3257931e+01  -2.5471876e+00
   1.8483183e+01   1.2091499e+01
   1.1379427e+01  -5.6294770e+00
   1.1974496e+01   2.2971770e+01
   1.2148952e+01   2.0689917e+01
   1.4520965e+01  -1.7700347e-01
   1.3430729e+01  -3.0991599e+00
   1.4228501e+01   1.9873138e+01
   1.4025394e+01   1.8207629e+01
   1.4057129e+01   1.8794795e+01
   1.6289010e+01   8.8261648e+00
   1.8496123e+01   1.2640580e+01
   1.6769361e+01   1.4103859e+01
   1.6418435e+01   3.4967133e+00
   7.8051203e+00   2.6474984e+01
   1.4961899e+01  -1.2896730e+00
   1.6047321e+01   9.9257493e-01
   1.3728406e+01   9.4699119e+00
   1.6256089e+01   9.1177682e+00
   1.6323452e+01  -2.5526404e+00
   1.1832764e+01  -5.1826041e+00
   1.3833512e+01   1.4476107e+00
   1.7074989e+01   6.7537609e+00
   1.4461533e+01   1.0107838e+01
   1.2232888e+01  -3.6448817e+00
   1.5367220e+01   2.4781300e+00
   1.5207891e+01   4.0651157e+00
   1.3654440e+01  -2.0064059e+00
   1.4146214e+01   1.8955143e+01
   1.4962720e+01   1.3847853e+01
   1.5739370e+01   6.2139704e+00
   1.0028187e+01   2.4663936e+01
   1.1296726e+01   1.9913222e+01
   1.7047893e+01   6.9716811e+00
   1.1965727e+01   1.7805979e+01
   1.5374598e+01   7.2388878e+00
   1.7167007e+01   4.5796284e+00
   1.2310100e+01   1.1539442e+00
   1.2651253e+01   2.3372678e+01
   1.2367975e+01   2.4451581e+01
   1.5524912e+01   1.8826516e+01
   1.5885386e+01   8.1595855e+00
   1.2203883e+01   2.2483654e+01
   1.3941212e+01   8.7655555e+00
   1.6177639e+01   1.1099661e+01
   1.5201868e+01   9.5500900e+00
   1.4855548e+01   4.8268485e+00
   1.6169503e+01   1.1315708e+01
   1.5706777e+01   1.2685242e+01
   1.3351957e+01  -2.1130729e+00
   1.4728199e+01   9.2188440e+00
   3.4003678e+00   3.1163992e+01
   1.4633877e+01   1.3658232e+01
   1.1037427e+01   2.3122866e+01
   1.6220357e+01   1.1997136e+01
   1.6989752e+01   7.1198572e+00
   1.5548454e+01   5.4936794e+00
   1.2226319e+01  -5.6860338e+00
   1.4324003e+01   3.2049787e+00
   1.4630655e+01   1.6647846e+01
   1.4356796e+01   1.4146107e+01
   1.5039188e+01   7.3430936e+00
   1.7548606e+00   3.1929310e+01
   1.1459772e+01   2.4435628e+01
   1.5227541e+01   8.7914214e+00
   1.5492028e+01   5.9939710e+00
   1.6516727e+01   1.5924253e+01
   1.4409717e+01   3.1766254e+00
   1.4262603e+01   1.9515532e+01
   1.5063707e+01   1.1250438e+01
   1.5449849e+01   1.4779005e+01
   1.3424860e+01  -9.0181952e-01
   1.6601950e+01   1.1941943e+01
   1.5601612e+01   1.1620234e+01
   1.1700044e+01  -3.0754645e+00
   1.2901861e+01  -3.1868509e+00
   1.4727453e+01  -1.7105566e+00
   1.6847453e+01   1.4526745e+01
   1.5306389e+01   1.5826304e+01
   1.1008196e+01  -7.8518027e+00
   1.5140262e+01   1.0637841e+01
   1.1199652e+01  -6.4602921e+00
   1.7147257e+01   9.6844533e+00
   1.5769125e+01   1.4038395e+01
   8.2538503e+00  -7.7687271e+00
   1.1322217e+01   2.1877412e+01
   1.7739068e+01   8.8179840e+00
   1.3360820e+01  -3.3876690e+00
   5.8259529e+00   2.8898828e+01
   1.0673317e+01   2.4827937e+01
   1.5542292e+01   1.3176538e+01
   1.5104566e+01   7.0097696e+00
   1.3968616e+01   1.8249796e+01
   1.2778178e+01   1.7735752e+01
   4.1662326e+00  -1.2357128e+01
   1.4497822e+01  -1.3573136e+00
   1.1768985e+01  -3.8831844e+00
   1.7157891e+01   4.0710462e+00
   1.4359364e+01   1.9417502e+01
   1.1788117e+01  -4.4308252e+00
   1.6043224e+01   2.5806149e+00
   1.5415690e+01   1.5986322e+01
   2.5167870e-01  -1.4339786e+01
   1.1668281e+01   2.2841561e+01
   6.7979487e+00  -9.0505019e+00
   1.6749760e+01   9.5443277e+00
   1.6130755e+01   7.3609970e+00
   1.4834706e+01   1.1555623e+01
   1.4349065e+01   1.4448235e+01
   1.1034476e+01  -5.1646009e+00
   1.2129759e+01   2.0860806e+01
   1.6207885e+01   8.4770214e+00
   1.6026874e+01   1.0467581e+01
   1.2188468e+01  -1.9410043e+00
   1.7838562e+01   9.1768887e+00
   1.3758038e+01   1.2964610e+01
   1.5510730e+01   1.0732129e+01
   1.6385719e+01   1.3977098e+01
   1.4730496e+01  -3.1817917e+00
   5.4527854e+00  -1.0952687e+01
   1.5372750e+01   8.0097005e+00
   1.5336031e+01  -2.8236648e+00
   1.6325068e+01   7.6324832e+00
   1.4786656e+01   1.2858805e+01
   1.2217658e+01  -4.5611729e+00
   8.2736577e+00  -7.7469623e+00
   1.2593180e+01  -3.4689078e-01
   1.5075058e+01  -6.4713418e-02
   1.4061272e+01   6.2541016e+00
   1.5456580e+01   6.1079125e+00
   1.5159298e+01   1.9029656e+01
   1.5033148e+01   7.2396876e+00
   1.7234102e+01   1.6273242e+01
   1.7019924e+01   6.0717724e+00
   1.1025160e+01  -4.8562831e+00
   1.5994556e+01   1.7885657e+01
   1.3445595e+01   1.3974104e+00
   9.9986933e+00  -5.4155185e+00
   1.7468016e+01   1.4038376e+01
   1.6307542e+01   1.5458929e+01
   1.7613446e+01   1.3762634e+01
   1.6140907e+01   2.0826745e+00
   1.6271491e+01   9.5833525e+00
   1.6308030e+01   1.1211569e+00
   1.4272872e+01   8.6911659e+00
   1.6100664e+01   3.4001279e+00
   1.4627664e+01   1.5538445e+01
   1.5981459e+01   8.6055580e+00
   1.6655648e+01   5.0450444e+00
   1.7522296e+01   1.1464179e+01
   1.2255222e+01  -3.2205885e+00
   1.4957678e+01   7.3272094e+00
   1.3072644e+01  -2.1189709e+00
   1.6161967e+01   4.3846996e+00
   1.3546279e+01   1.7452313e+01
   1.5800420e+01   1.0720492e+01
   1.6337678e+01   4.9738765e+00
   1.5011373e+01   1.2473913e+01
   1.6736029e+01   1.2150795e+01
   1.6356022e+01   6.2287206e+00
   1.2639914e+01  -3.9070636e+00
   1.1625709e+01   2.6692594e+01
   1.4159861e+01   1.0070542e+01
   1.2231843e+01   2.4061180e+01
   1.5967093e+01   8.3200125e+00
   1.1736359e+01   1.8709911e+01
   1.5601584e+01   1.5693108e+01
   1.4819395e+01   1.0402896e+01
   1.3446071e+01  -5.0948898e+00
   1.5544385e+01   6.0913934e-01
   1.3855366e+01   5.0089283e+00
   1.3341483e+01   1.7602791e+01
   1.4346131e+01   1.6418540e+01
   1.5380816e+01   1.1063487e+01
   1.6500986e+01   9.3547532e+00
   1.3527272e+01   1.4303703e+01
   1.6433162e+01   3.1822418e+00
   1.2307862e+01   2.0130262e+01
   1.3863043e+01   1.2057839e+00
   1.1006172e+01  -3.9824785e+00
   1.8514242e+01   6.9725483e+00
   1.1228422e+01  -4.8414586e+00
   1.7153062e+01   1.2841925e+01
   1.1910180e+01   2.0315328e+01
   1.2065692e+01  -3.1827652e+00
   1.2115399e+01  -5.3417758e+00
   1.5352216e+01   7.2210595e+00
   1.6773352e+01   7.6592923e+00
   1.4153106e+01   2.0525266e+01
   1.6295200e+01   1.3604216e+01
   1.4666783e+01   1.3233498e+01
   1.4478454e+01  -8.7243443e-02
   1.6602416e+01   8.7412904e+00
   1.3412084e+01   1.8314013e+01
   1.4624609e+01   1.6618790e+01
   1.7812681e+01   6.4323607e+00
   1.6517921e+01   4.2654203e+00
   5.6603039e+00   2.9278336e+01
   1.4776540e+01   1.4144641e+01
   1.5777879e+01   3.6023586e+00
   1.3944990e+01   5.2470875e+00
   1.6714321e+01   9.0935713e+00
   1.3022543e+01   2.1356368e+01
   1.6038281e+01   7.2927754e+00
   1.7508980e+01   1.1139082e+01
   9.6553859e+00   2.4580415e+01
   1.5523742e+01   2.0052549e+01
   1.5528733e+01   4.6963699e+00
   1.3786023e+01  -1.1277249e+00
   1.4623873e+01   2.0472682e+01
   1.4122565e+01   6.5869605e+00
   1.4813879e+01   9.4537462e+00
   1.2248396e+01  -5.3195598e+00
   4.5025888e+00  -1.3509158e+01
   1.5004932e+01   8.3356391e-01
   1.2544938e+01   2.1644698e+01
   1.5083995e+01   4.1457840e+00
   1.1384488e+01  -1.1439821e-01
   1.4135126e+01   5.6177529e+00
   1.5099672e+01   1.5847132e+01
   1.4804830e+01   2.5744654e+00
   6.5779766e+00  -1.2291766e+01
   1.5480833e+01   3.0086748e+00
   1.4378356e+01   1.9568122e+01
   1.2930841e+01   2.2915463e+01
   1.3021513e+01   1.9853326e+01
   1.6025950e+01   1.5314475e+01
   1.6568236e+01   1.0735556e+01
   1.3353442e+01  -1.2178949e+00
   1.5284915e+01   1.4540269e+01
   1.5726649e+01   1.6149389e+00
   1.5247654e+01   1.2801051e+01
   1.1521321e+01  -3.3341113e+00
   1.7944481e+01   7.8836684e+00
   1.2109650e+01   2.0507449e+01
   1.8791328e+01   7.5020935e+00
   1.5810327e+01   1.2783997e+01
   1.5176821e+01   7.5360814e+00
   1.5028807e+01   4.6860328e+00
   1.5000783e+01   1.1754921e+01
   1.5836179e+01   3.2616555e+00
   1.5035201e+01   1.3601644e+01
   1.4620497e+01   6.6496857e-01
   1.4563054e+01   9.6293065e-01
   1.6371011e+01   3.8614320e+00
   1.5049412e+01   1.8174038e+01
   1.4761215e+01   1.4131648e+01
   1.2793336e+01   1.8986516e+01
   5.9586086e+00   2.9293275e+01
   1.4742859e+01   5.3538160e+00
   1.4718767e+01   4.2048714e+00
   1.3277912e+01   1.5550120e+01
   1.5281442e+01   7.6535354e+00
   1.5539676e+01   1.5112591e+01
   1.5542490e+01   1.5905064e+01
   1.4693069e+01   1.7929472e+01
   1.6587691e+01   6.8117323e+00
   7.8559885e+00   2.7127103e+01
   1.5354142e+01   7.2195696e+00
   1.1216233e+01  -6.9946687e+00
   1.4401625e+01   3.4758851e+00
   1.4402558e+01   1.6865218e+01
   1.2011545e+01   2.1042183e+01
   1.4609929e+01   5.2417070e+00
   1.2093609e+01   2.4923449e+01
   1.7296662e+01   1.0271793e+01
   1.6812359e+01   4.5912465e+00
   1.4844402e+01   1.8418083e+01
   1.4947037e+01   6.6650401e+00
   1.3535455e+01  -1.7089139e+00
   1.0605233e+00  -1.4811102e+01
   1.5415693e+01   1.6317809e+01
   1.7022376e+01   1.4356387e+01
   1.3489108e+01  -1.4160086e+00
   1.4253666e+01  -2.6326633e+00
   7.2852863e+00  -1.0647800e+01
   1.5121502e+01  -5.8661336e-01
   1.5186989e+01   5.6043869e+00
   1.3039655e+01   1.8307648e+01
   1.5521542e+01   7.4550387e+00
   6.8384709e+00   2.8574579e+01
   1.4742849e+01   4.3658047e-01
   1.5340531e+01   8.3760109e-02
   1.4304641e+01   3.3294864e+00
   1.5226828e+01   9.9989935e+00
   1.6896000e+01   1.0635075e+01
   1.4705062e+01   8.7984136e+00
   1.6817331e+01   1.2534803e+01
   1.6012187e+01   1.6094718e+01
   1.6829193e+01   5.7923525e+00
   1.5366985e+01  -9.6587918e-01
   1.6884782e+01   1.0048215e+01
   1.1573918e+01   2.0756666e+01
   7.2638194e+00   2.7824358e+01
   1.6806571e+01   6.1553808e+00
   9.4798241e+00  -3.2034937e+00
   1.0257355e+01  -6.8242370e+00
  -3.9619731e+00   1.9490391e+01
  -3.0880301e+00   1.5898119e+01
  -7.6097167e+00   2.0917842e+01
  -1.8365210e+01   1.6580057e+01
  -1.1075990e+01   2.2405964e+01
  -3.3005131e+00   1.6867076e+01
  -5.9206963e+00   2.2068418e+01
  -8.0283783e+00   2.1016647e+01
  -1.4231537e+01   1.9606831e+01
  -4.9472078e+00   1.8936149e+01
  -1.1660060e+01   2.1395437e+01
  -2.0602994e+01   9.8775359e+00
  -9.5274243e+00   2.1856719e+01
  -1.0900906e+01   2.1064133e+01
  -8.4303002e+00   2.1855445e+01
  -2.6656015e+00   2.0552690e+01
  -1.2835855e+01   2.0586964e+01
  -1.3623446e+01   2.2370048e+01
  -7.6510047e+00   2.1372323e+01
  -1.1322457e+01   2.0128776e+01
  -6.7253492e+00   2.1048121e+01
  -6.9769328e+00   2.0090842e+01
  -1.1755412e+01   2.1038447e+01
  -1.9535419e+00   1.5859267e+01
  -1.8330031e+01   1.7887056e+01
  -1.4558547e+01   2.1655610e+01
  -1.0366954e+01   2.2263764e+01
  -5.0419292e+00   2.0964377e+01
  -1.2562669e+01   2.1153828e+01
  -1.9211675e+01   1.3623261e+01
  -1.2529120e+01   2.0701052e+01
  -3.7294264e+00   1.8636313e+01
  -1.7327669e+01   1.7269524e+01
  -5.5477562e+00   1.9888906e+01
  -5.4999378e+00   2.0109471e+01
  -1.0405532e+01   2.2070938e+01
  -8.1938395e+00   2.2572399e+01
  -8.0056502e+00   2.1375191e+01
  -7.1239758e+00   1.9203535e+01
  -4.4387182e+00   1.7218389e+01
  -1.2462026e+01   2.0435867e+01
  -9.8430554e+00   2.1429158e+01
  -7.9197014e+00   2.1177362e+01
  -1.2559433e+01   2.0187695e+01
  -1.9478161e+01   1.1278512e+01
  -9.5645068e+00   1.9773262e+01
  -4.0460616e+00   2.0020332e+01
  -1.1966817e+01   2.0886508e+01
  -1.7317492e+01   1.7607890e+01
  -1.9111780e+01   1.6024923e+01
  -1.2956114e+01   2.1469928e+01
  -1.0309972e+01   2.0987252e+01
  -1.1004023e+00   1.5119038e+01
  -1.9051813e+01   1.6713300e+01
  -1.0179937e+01   2.0411537e+01
  -8.0109627e+00   1.9557931e+01
  -1.1377357e+01   2.0891077e+01
  -1.8268704e+01   2.1784070e+01
  -8.2567741e+00   2.1087430e+01
  -1.4021225e+01   1.9931389e+01
  -1.4165832e+01   1.8013076e+01
  -5.1397558e+00   1.9605438e+01
  -8.1768808e+00   2.1380410e+01
  -9.2134873e+00   1.9784782e+01
  -1.2780009e+01   2.0706628e+01
  -7.4177214e+00   2.0526791e+01
  -3.0328610e+00   1.9373247e+01
  -1.6333982e+01   1.9010054e+01
  -6.8765436e+00   2.0509362e+01
  -7.4525582e+00   2.2104081e+01
  -1.6235466e+01   1.8903048e+01
  -1.5075661e+01   1.8077886e+01
  -1.0439865e+01   2.2661505e+01
  -1.0519770e+01   2.1364426e+01
  -7.2354140e-01   1.7200247e+01
  -5.6495172e+00   2.0663202e+01
  -1.0612147e+01   2.1047198e+01
  -9.5063644e+00   1.9291758e+01
  -1.0544387e+01   2.1127106e+01
  -1.1106843e+01   2.0092011e+01
  -9.1272341e+00   2.2066103e+01
  -9.2203270e+00   2.0097809e+01
  -5.6709522e+00   2.1040464e+01
  -9.1982637e+00   2.0707229e+01
  -5.4807794e+00   1.7768676e+01
  -1.3591102e+01   2.0726371e+01
  -1.1098416e+01   2.2368634e+01
  -5.0389321e+00   1.9057946e+01
  -7.4087786e+00   1.9691075e+01
  -1.5694610e+01   1.9819927e+01
  -4.9960325e+00   1.6906524e+01
  -1.7923817e+01   1.9066438e+01
  -1.4255736e+01   2.1426131e+01
  -1.9831618e+00   2.0600558e+01
  -1.7614747e+01   1.5763994e+01
   5.3680877e-01   1.6017184e+01
  -1.6974621e+01   2.0661085e+01
  -1.3593162e+01   1.9806003e+01
  -1.2273460e+01   2.0149959e+01
  -1.9891070e+01   1.3671665e+01
  -4.7377046e+00   2.0726804e+01
  -1.4630632e+01   1.9351951e+01
  -1.0577345e+01   2.2376669e+01
  -5.6000456e+00   2.0714799e+01
  -3.0027266e+00   1.5785754e+01
  -1.5543650e+01   1.9696025e+01
  -1.1551450e+01   2.0574486e+01
  -1.1304457e+01   2.0975841e+01
  -1.6002225e+01   2.0204619e+01
  -6.3571596e+00   2.1891960e+01
  -1.2449503e+01   2.1252659e+01
  -1.2427322e+01   2.0370838e+01
  -1.3005038e+01   2.2336811e+01
  -1.8314674e+01   1.9985461e+01
  -5.0291713e+00   1.9107184e+01
  -1.4254472e+01   2.3112637e+01
  -4.0985055e+00   1.8210817e+01
  -3.1910440e+00   1.7321956e+01
  -5.1638126e+00   2.1429491e+01
  -1.3600032e+01   2.0288804e+01
  -5.6591340e+00   1.7603655e+01
  -1.4698369e+01   1.8904050e+01
  -1.2246544e+01   2.0537022e+01
  -5.1382974e+00   1.9610165e+01
  -1.5210384e+01   1.9597151e+01
  -6.6524425e+00   2.0644152e+01
  -7.1733795e+00   1.9767822e+01
  -1.1634404e+01   2.0145662e+01
  -9.0480928e+00   2.1568134e+01
  -1.8824830e+01   1.8910066e+01
  -8.2342203e+00   2.1633724e+01
  -1.7652245e+01   1.7343708e+01
  -1.3436695e+01   2.0680357e+01
  -1.2498826e+01   2.1039231e+01
  -8.4170374e+00   1.9710145e+01
  -1.5911619e+01   1.8681600e+01
  -1.0700320e+01   2.0507235e+01
  -1.0145752e+01   2.1326462e+01
  -7.0190865e+00   2.0902156e+01
  -1.5160624e+01   2.0400442e+01
  -3.6626552e+00   1.7663436e+01
  -7.3860053e+00   1.9902273e+01
  -1.3669480e+01   1.9811109e+01
  -1.3683109e+01   2.0855922e+01
  -8.3803766e+00   2.1325916e+01
  -5.6115343e+00   1.9947344e+01
  -2.9557013e+00   1.9722921e+01
  -2.0120928e+01   5.0217299e+00
  -5.3940234e+00   1.8584064e+01
  -9.0597454e+00   1.9384323e+01
  -4.5811969e+00   2.0257325e+01
  -1.0162159e+01   2.0242786e+01
  -9.2979136e+00   1.9789890e+01
  -3.4424703e+00   1.6943108e+01
  -2.1315681e+00   1.6516867e+01
  -7.4971099e+00   1.9678655e+01
  -1.7948151e+01   1.7603797e+01
  -8.0769689e+00   2.0808090e+01
  -1.4030703e+01   1.9785124e+01
  -1.4994781e+01   1.8896589e+01
  -1.6217216e+01   1.7505260e+01
  -1.4664557e+01   2.1322647e+01
  -1.1855424e+01   1.9714542e+01
  -1.3710657e+01   2.0523831e+01
  -1.2030468e+01   2.0143097e+01
  -1.9450602e+01   1.4469822e+01
  -1.2339589e+01   2.0663665e+01
  -7.3225903e+00   2.2152055e+01
  -8.5331906e+00   2.1895017e+01
  -1.7118258e+01   1.9361901e+01
  -1.4002977e+01   2.0848541e+01
  -7.0403175e+00   1.9027844e+01
  -9.4588278e+00   2.0521199e+01
  -4.4488950e+00   1.9237549e+01
  -7.6010519e+00   2.1659594e+01
  -1.0103317e+01   2.0803274e+01
  -6.7394791e+00   1.9548506e+01
  -6.0923112e+00   2.1261594e+01
  -3.7356402e+00   1.8319833e+01
  -1.2306294e+01   2.0411544e+01
  -1.0193928e+01   1.9661400e+01
  -2.3197134e+00   1.8662190e+01
  -1.2653837e+01   2.0314504e+01
  -1.3381418e+01   1.9259572e+01
  -3.3600496e+00   1.7922843e+01
  -4.4497360e+00   1.9012293e+01
  -6.1898147e+00   2.0095723e+01
  -6.0380143e-01   1.0160060e+01
  -1.0936587e+01   2.2867046e+01
  -1.3291785e+01   2.1536753e+01
  -1.6745885e+01   1.8508352e+01
  -1.8943242e+01   1.6320417e+01
  -5.0174093e+00   1.9633545e+01
  -3.9760557e+00   1.8197319e+01
  -7.7045576e+00   2.1457236e+01
  -1.6477556e+01   1.7729258e+01
  -1.3480746e+01   2.0820453e+01
  -7.9449625e+00   1.9966117e+01
  -2.2573538e+00   1.6964723e+01
  -1.3989812e+01   2.0987758e+01
  -9.1454482e+00   2.2005722e+01
  -3.7128842e+00   1.9822467e+01
  -1.3443916e+01   2.0133060e+01
  -7.5950243e+00   2.1583271e+01
  -1.3674188e+01   2.0764054e+01
  -6.3934030e+00   1.9844065e+01
  -1.6727152e+01   1.8746479e+01
  -7.9139304e+00   1.8607855e+01
  -9.9186277e+00   2.0462913e+01
  -8.6583088e+00   2.0001439e+01
  -1.4529484e+01   2.1457463e+01
  -7.2682530e+00   1.8038070e+01
  -1.7673699e+01   1.7069122e+01
  -4.5296406e+00   2.0009248e+01
  -1.4673843e+01   1.6346826e+01
  -1.0456647e+01   2.2625143e+01
  -1.2462118e+01   2.0932607e+01
  -5.1963239e+00   2.0292327e+01
  -1.2018671e+01   2.0880535e+01
  -1.9326924e+01   1.8407817e+01
  -1.4486164e+01   1.9237917e+01
  -8.1781158e+00   2.0490475e+01
  -1.6360511e+01   2.0484482e+01
  -5.1105801e+00   2.1211412e+01
  -8.8275187e+00   2.2313599e+01
  -1.4896159e+01   2.0255818e+01
  -1.0512593e+01   2.0021359e+01
  -1.5161314e+01   2.0414653e+01
  -8.3961946e+00   2.0714464e+01
  -9.4479361e+00   2.0368860e+01
  -1.6127185e+01   1.9401006e+01
  -4.7637602e+00   2.0602211e+01
  -9.8645902e+00   2.1456207e+01
  -1.2041656e+01   2.1519438e+01
  -7.0834728e+00   2.1218847e+01
  -4.8011798e+00   1.8302030e+01
  -4.1034489e+00   2.0581633e+01
  -1.1303205e+00   1.7084486e+01
  -1.0101685e+01   2.0703102e+01
  -6.8344906e+00   2.1201949e+01
  -6.4193607e+00   1.9609841e+01
  -1.0675588e+01   2.0020859e+01
  -1.0776574e+01   2.1370850e+01
  -1.1382873e+01   2.1001247e+01
   8.8184614e-01   1.2230668e+01
  -5.1054640e+00   2.0905623e+01
  -1.0716874e+01   2.1248996e+01
  -1.9453842e+01   1.8121242e+01
  -1.4942766e+01   1.9633770e+01
  -1.2042146e+01   2.1442805e+01
  -5.1025662e+00   1.9947344e+01
  -1.5275739e+01   1.8637409e+01
  -1.1982521e+01   2.1717486e+01
  -1.5362016e+01   2.1196718e+01
  -8.9322544e+00   2.0931140e+01
  -7.5887337e+00   2.1554167e+01
  -1.2125252e+01   1.9675129e+01
  -9.5833431e+00   2.0845879e+01
  -1.8918515e+01   1.5349501e+01
  -1.0086831e+01   2.0902338e+01
  -8.1488831e+00   2.0577791e+01
  -3.7828816e+00   1.7948126e+01
  -1.2364358e+01   1.9607940e+01
  -1.9570533e+00   1.7420377e+01
  -1.9237120e+01   1.7162131e+01
  -1.4027992e+01   1.7243521e+01
  -9.1847196e+00   2.0659901e+01
  -4.5239105e+00   1.9713943e+01
  -1.6437157e+01   2.0277705e+01
  -4.2015452e+00   2.0275144e+01
  -1.0572911e+01   1.9901043e+01
  -9.9414696e+00   2.0451652e+01
  -5.8846035e+00   1.8174612e+01
  -9.5090659e+00   2.0603178e+01
  -1.4610730e+01   2.0979103e+01
  -1.1924942e+01   2.2146620e+01
  -1.4454230e+01   1.8133128e+01
  -1.3021781e+01   2.0401205e+01
  -9.9651238e-01   1.7315750e+01
  -3.9384412e+00   1.9419950e+01
  -1.0514871e+01   2.1323679e+01
  -1.6034309e+01   1.9826526e+01
  -1.5420759e+01   2.0591918e+01
  -5.6179550e+00   1.9863666e+01
  -8.2378368e+00   2.2424451e+01
  -4.8595040e+00   1.7681011e+01
  -5.3872213e+00   1.7537775e+01
  -1.2711535e+01   2.1434450e+01
  -6.2003399e+00   2.0940474e+01
  -3.7404640e+00   1.9827011e+01
  -4.3822964e+00   1.8682954e+01
  -2.0244748e+01   1.1927369e+01
  -5.6960091e+00   2.1495611e+01
  -1.4388987e+01   1.9787203e+01
  -1.4123172e+01   2.1973793e+01
  -1.7273529e+01   1.7984370e+01
  -1.6020519e+01   1.9990245e+01
  -1.2638848e+01   2.0075940e+01
  -4.7996326e+00   1.9157623e+01
  -1.6762141e+01   1.6200094e+01
  -1.5344415e+01   1.8881759e+01
  -4.2164120e+00   1.8205001e+01
  -5.5951615e+00   1.7463908e+01
  -1.1975772e+01   2.1282777e+01
  -7.9626124e+00   2.2273821e+01
  -1.7083154e+00   1.8740279e+01
  -1.3485098e+01   1.9236882e+01
  -4.8532684e+00   2.1612196e+01
  -7.0073988e+00   1.9418622e+01
  -8.6362855e+00   1.9166627e+01
  -1.5738591e+00   1.5028380e+01
  -9.4830200e+00   2.1278944e+01
  -5.4171214e+00   1.9759015e+01
  -1.2284741e+01   2.1280579e+01
  -1.1333797e+01   2.0669667e+01
  -1.0753960e+01   2.1335898e+01
  -9.1721591e+00   2.0753582e+01
  -1.0858452e+01   2.1402943e+01
  -8.2674075e+00   2.0816222e+01
  -6.3093498e+00   1.9830851e+01
  -1.8731310e+01   1.6910021e+01
  -1.7496119e+01   1.8925170e+01
  -1.8704972e+01   1.9997154e+01
  -1.3556647e+01   2.1056542e+01
  -6.9157403e+00   1.8359921e+01
  -7.2489345e+00   2.0657585e+01
  -9.1887514e+00   2.1368274e+01
  -1.0618044e+01   2.1652305e+01
  -1.2610073e+01   2.0142793e+01
  -5.9013202e+00   1.9210755e+01
  -1.2087242e+01   2.1628271e+01
  -5.6153722e+00   1.9299546e+01
  -8.7703440e+00   2.0743078e+01
  -1.5760323e+01   1.9579780e+01
  -1.2323205e+01   2.1591108e+01
  -8.2458065e+00   2.1265501e+01
  -4.8069864e+00   1.4787177e+01
  -9.3308118e+00   1.9500017e+01
  -6.3280129e+00   2.0870067e+01
  -6.5624476e+00   2.0063002e+01
  -1.3422635e+01   2.0998924e+01
  -1.4289629e+01   2.0708806e+01
  -1.8869962e+00   1.4508736e+01
  -2.0482826e+01   1.8005745e+01
  -1.3802519e+01   1.8922277e+01
  -1.1927482e+00   1.8655787e+01
  -1.3343350e+01   1.9706086e+01
  -1.5486353e+01   1.9474101e+01
  -1.6306041e+01   1.9279232e+01
  -1.0679415e+01   2.2521953e+01
  -1.0810556e+01   2.1394099e+01
  -1.5583931e+01   1.9816395e+01
  -1.7067193e+01   7.9364389e+00
  -8.5065275e+00   2.0375230e+01
  -1.3689116e+01   2.1745358e+01
  -1.5632170e+00   1.4680000e+01
  -1.4064141e+01   1.8210143e+01
  -1.2688558e+01   2.1181938e+01
  -8.6027342e+00   2.1544692e+01
  -1.3791607e+01   1.9865553e+01
  -9.5278541e+00   1.8806104e+01
  -2.0312099e+01   1.4500029e+01
  -1.0267397e+01   2.1381173e+01
  -1.1559788e+01   1.9946366e+01
  -4.7687496e+00   1.7456898e+01
  -6.4444615e+00   1.9802512e+01
  -1.2079185e+01   1.8469650e+01
  -2.7017231e+00   1.8079579e+01
  -6.3301020e+00   2.2083976e+01
  -1.5513512e+01   1.9752359e+01
  -1.1041351e+01   2.0606442e+01
  -1.5356207e+00   1.8269517e+01
  -1.0181159e+01   2.2409884e+01
  -4.5851472e+00   2.0698308e+01
  -5.8044234e+00   1.8733480e+01
  -4.1633321e+00   1.7797366e+01
  -1.0157135e+01   2.1753180e+01
  -1.2082564e+01   2.0934927e+01
  -2.4421332e+00   1.5708735e+01
  -2.4779250e+00   1.9107281e+01
  -8.6601598e+00   2.1236312e+01
  -4.3547030e+00   1.6661194e+01
  -1.8544817e+01   1.7014305e+01
  -1.4634746e+01   2.0450832e+01
  -8.4888874e+00   2.0633507e+01
  -3.6772355e+00   2.1574520e+01
  -1.0383558e+01   1.9475607e+01
  -1.5097981e+01   1.9061065e+01
  -1.2420148e+01   2.1023024e+01
  -1.0530229e+01   2.0717621e+01
  -9.1188492e+00   1.9208947e+01
  -1.3085580e+01   1.8622395e+01
  -7.7094381e+00   1.9371664e+01
   6.1199209e-01   1.2351308e+01
  -1.0875476e+01   2.1102371e+01
  -2.1777556e+00   1.7858771e+01
  -2.0620262e+01   1.2135737e+01
  -1.4587779e+01   1.8703923e+01
  -1.1152050e+01   2.0739568e+01
  -7.9582940e+00   2.1941133e+01
  -1.6406382e+01   1.8022412e+01
  -1.1773852e+01   2.0187479e+01
  -1.6368592e+01   1.6544688e+01
  -8.3649834e+00   2.1568543e+01
  -6.7786895e+00   2.2000418e+01
  -1.3968127e+01   1.8698075e+01
  -1.4120950e+01   1.9824120e+01
  -8.1317179e+00   2.1199437e+01
  -1.4757624e+01   1.9626370e+01
  -9.6652976e+00   2.0324087e+01
  -8.0551401e+00   2.3508362e+01
  -6.2201380e+00   2.0803902e+01
  -1.4840480e+01   2.0053342e+01
  -1.5543436e+01   1.7787167e+01
  -1.6287046e+01   1.9258029e+01
  -9.5974371e+00   2.2093124e+01
  -1.1703798e+01   2.1240612e+01
  -1.6670164e+01   1.8118283e+01
  -7.8008498e+00   2.0831828e+01
  -7.3864280e+00   2.1599973e+01
  -5.3128440e+00   1.7484836e+01
  -1.7302856e+01   1.8591119e+01
  -1.5973757e+01   1.8951899e+01
  -9.7882520e+00   2.0375772e+01
  -8.0727431e+00   2.1749573e+01
  -1.3352596e+01   2.0335164e+01
  -7.7624508e+00   2.1999728e+01
  -8.0441330e+00   2.0833025e+01
  -1.0975414e+01   2.2180129e+01
  -8.2082053e+00   1.9765000e+01
  -5.8005848e+00   2.0325085e+01
  -1.8442749e+01   1.8713041e+01
  -1.7815293e+01   1.6231714e+01
   1.1994017e+00   1.3474749e+01
  -1.1062359e+01   1.9172715e+01
  -7.9606537e+00   2.4840909e+01
  -2.2154235e+00   1.6991943e+01
  -9.8182381e+00   2.0483184e+01
  -4.6174735e+00   2.0079448e+01
  -1.0189198e+01   2.0962638e+01
  -1.1278876e+01   2.1181705e+01
  -1.2975312e+01   1.9419855e+01
  -1.9346691e+01   1.5807085e+01
  -3.1468178e+00   1.7879695e+01
  -1.0619917e+01   2.1022671e+01
  -2.1269280e+01   1.3987406e+01
  -1.8404275e+01   1.5249360e+01
  -8.2136683e+00   2.0516149e+01
  -6.6895995e+00   2.0823722e+01
  -1.7894908e+01   1.7725341e+01
  -1.0227062e+01   2.0502421e+01
  -8.5098622e+00   2.1318213e+01
  -7.1445109e+00   2.0516021e+01
  -5.2174080e+00   2.0026169e+01
  -7.9275010e+00   2.0427707e+01
  -2.8259371e+00   1.8588929e+01
  -4.5052177e+00   1.7752981e+01
  -4.1356285e+00   1.9415105e+01
  -1.4674061e+01   1.9130353e+01
  -8.2522814e+00   1.9477682e+01
  -1.0783915e+01   2.1810736e+01
  -1.1137914e+01   2.0494568e+01
  -2.8372751e+00   1.5979393e+01
  -8.1705962e+00   1.9939599e+01
  -1.1709190e+01   1.9697855e+01
  -1.5032440e+01   2.1522352e+01
  -3.7577727e+00   1.9808610e+01
  -9.9542106e+00   2.2281998e+01
  -1.3123044e+01   1.9650663e+01
  -1.9088121e+01   1.6586530e+01
  -1.3114874e+01   1.9326923e+01
  -1.2821604e+01   2.1335645e+01
  -1.1531273e+01   2.0517657e+01
  -9.4495293e-01   1.2690921e+01
  -4.8129789e+00   2.0808764e+01
  -1.9663335e+01   1.2708048e+01
  -7.6555457e+00   2.1738582e+01
  -1.7147561e+01   1.7277994e+01
  -1.8107169e+01   1.6002063e+01
  -1.3707201e+01   1.9087338e+01
  -1.4706506e+01   1.8261754e+01
  -1.9762467e+01   1.4566143e+01
  -1.4469314e+01   1.9887863e+01
  -1.3395412e+01   1.7916698e+01
  -1.0148833e+01   2.0416253e+01
  -7.1307480e+00   2.0038732e+01
  -5.7009275e+00   1.9352888e+01
  -1.1562964e+01   2.0549393e+01
  -1.8834655e+01   1.6732570e+01
  -5.0116783e+00   1.8435441e+01
  -1.4688539e+01   2.0570906e+01
  -5.6828700e+00   1.8177656e+01
  -4.7570011e+00   2.0102464e+01
  -9.8252427e+00   2.1104755e+01
  -1.5944551e+01   1.6393490e+01
  -4.6275541e+00   1.7889277e+01
  -1.3382958e-01   1.2713912e+01
  -7.7899159e+00   2.0486368e+01
  -8.1735253e+00   2.2944934e+01
  -3.2820726e+00   1.9239688e+01
  -7.6650889e+00   2.2550142e+01
  -7.0953965e+00   1.8814568e+01
  -1.6009894e+01   1.9872955e+01
  -1.1303136e+01   1.9768616e+01
  -1.4813819e+01   1.8942250e+01
  -3.0428775e+00   1.9076841e+01
  -9.7627837e+00   2.0833758e+01
  -3.9636572e+00   1.7864946e+01
  -8.3394065e+00   2.0997973e+01
  -8.9872251e+00   2.1539900e+01
  -7.9383779e+00   2.1497479e+01
  -1.4095403e+01   1.9702807e+01
  -1.4839658e+01   2.1170915e+01
  -1.2548865e+01   1.9668095e+01
  -1.4150487e+01   1.9738644e+01
  -1.2793960e+01   2.1095402e+01
  -1.1318166e+01   2.2427538e+01
  -1.4612798e+01   1.9842550e+01
  -1.2011534e+01   2.0080527e+01
  -1.7441710e+01   1.9658628e+01
  -1.5181577e+01   1.9740773e+01
  -7.1977177e+00   2.0819668e+01
  -5.1121455e+00   2.0812128e+01
  -7.9458350e+00   2.2478596e+01
  -7.8019933e+00   2.0404639e+01
  -6.0490465e+00   1.8900974e+01
  -3.7287579e+00   1.8847675e+01
  -1.8609717e+01   1.5717571e+01
  -1.6559722e+01   1.7714932e+01
  -1.0834258e+01   1.9806978e+01
  -5.7795077e+00   1.8686684e+01
  -1.0019088e+01   2.0014812e+01
  -5.8567583e+00   2.1372486e+01
  -1.0892006e+01   2.1652538e+01
  -1.7650839e+01   1.8171050e+01
  -4.0485344e+00   1.8607622e+01
  -1.3163382e+01   2.0496006e+01
  -1.2676144e+01   2.1445821e+01
  -1.1190977e+01   1.9755989e+01
  -4.9834727e+00   1.8476563e+01
  -1.0669352e+01   2.2059475e+01
  -1.2290916e+01   2.0949168e+01
  -1.2925020e+01   1.8198497e+01
  -7.7486256e+00   1.8781269e+01
  -7.4764491e+00   2.0169734e+01
  -7.8857790e+00   2.0229801e+01
  -1.8355396e+01   1.6636758e+01
  -7.4502842e+00   2.0905238e+01
  -1.9037775e+01   1.5426630e+01
  -1.5477925e+01   1.9886813e+01
  -7.0739819e+00   2.1393958e+01
  -7.5217475e+00   1.9387980e+01
  -1.3001882e+01   1.9333760e+01
  -1.8203706e+01   1.8568814e+01
  -2.8605123e+00   1.7713250e+01
  -1.4011845e+01   1.9202138e+01
  -4.0702125e+00   1.7518797e+01
  -1.1351344e+01   2.1629795e+01
  -1.4528639e+01   1.9858579e+01
  -5.8318176e+00   1.9922781e+01
  -6.6241979e-01   1.2891280e+01
  -1.4268554e+01   2.1618871e+01
  -1.6980908e+00   1.6263937e+01
  -1.3532185e+01   2.0173153e+01
  -5.5262074e+00   2.0592538e+01
  -9.5170575e+00   2.1639803e+01
  -5.1216335e+00   2.1099863e+01
  -1.5777950e+01   1.7803449e+01
  -2.2022170e+00   1.6364258e+01
  -9.8677709e+00   2.0338387e+01
  -1.9605502e+01   1.1519129e+01
  -7.1443464e+00   2.0770338e+01
  -7.2869005e+00   1.9936533e+01
  -1.8281584e+01   1.6017614e+01
  -1.9517325e+01   1.7702789e+01
  -3.5441356e+00   1.8383070e+01
  -1.0265636e+01   2.1041795e+01
  -1.4585930e+01   2.0931212e+01
  -7.1744713e+00   2.2197923e+01
  -5.7784877e+00   1.8548793e+01
  -2.7144819e+00   1.7148300e+01
  -1.2892139e+01   2.0750725e+01
  -1.6449171e+01   1.8756512e+01
  -1.2989095e+01   2.0767909e+01
  -1.2356796e+01   2.2059691e+01
  -1.8861060e+01   1.3711536e+01
  -7.1073394e+00   1.8598719e+01
  -3.0544871e+00   1.9610941e+01
  -1.0571268e+01   1.8932769e+01
  -4.1321004e+00   1.7703932e+01
  -7.4513659e+00   1.9791249e+01
  -1.6679556e+01   1.9401697e+01
  -4.7555130e+00   2.0420983e+01
  -1.8881230e+00   1.4144411e+01
  -5.0475840e+00   1.9524295e+01
  -1.7718753e+00   1.6912808e+01
  -1.0640631e+01   2.0396344e+01
  -1.1507213e+01   2.0191677e+01
  -1.1718888e+01   2.1587725e+01
  -1.2519417e+01   1.9579398e+01
  -2.2568881e+01   1.2820575e+00
  -2.8763061e+01   2.8728523e+00
  -1.3417754e+01  -7.7036281e-02
  -1.4106257e+01   7.8981669e-01
  -2.7760106e+01   3.8438428e+00
  -2.1738586e+01  -3.5884963e-01
  -2.1941954e+01   1.4840783e+00
  -1.7315981e+01  -1.4822155e+00
  -1.9028498e+01   4.4035036e-01
  -2.4347324e+01   1.8671090e+00
  -2.1819306e+01  -2.6259786e+00
  -2.3747817e+01   2.4660674e+00
  -1.4813837e+01   3.3569390e-01
  -2.2973773e+01   4.3712630e-01
  -2.2372767e+01   8.9788609e-01
  -3.0015567e+01   5.1860861e+00
  -1.7177750e+01   1.9349056e+00
  -2.1014303e+01   7.5242881e-01
  -2.4242467e+01  -3.9863879e-01
  -1.8059112e+01   1.0947444e+00
  -1.5394289e+01   1.0811093e+00
  -1.2859440e+01   1.9193790e+00
  -1.6359860e+01   2.2761012e+00
  -2.1265395e+01   2.3395016e+00
  -1.6792585e+01   1.7524209e+00
  -1.9745719e+01  -3.6831052e-01
  -2.6956400e+01   3.2357114e+00
  -2.3176563e+01   4.3623519e-01
  -2.8108114e+01   2.0296757e+00
  -9.5259075e+00   4.8222381e+00
  -9.4495711e+00   8.7825263e+00
  -1.7421214e+01  -9.9889122e-01
  -2.6729324e+01   2.4869955e+00
  -1.9267212e+01   5.4984512e-01
  -2.4000740e+01   2.1019463e+00
  -1.4349239e+01   1.5936464e+00
  -1.8139901e+01  -4.7088211e-01
  -2.3435541e+01   1.6967389e-01
  -2.7635476e+01   6.5546648e-01
  -2.5279353e+01   5.6626923e-01
  -1.8836659e+01  -7.1602689e-01
  -1.2711947e+01   2.4599780e+00
  -1.0659339e+01   8.4583767e+00
  -1.9892736e+01  -7.7068370e-01
  -2.5356784e+01   1.6013926e+00
  -2.3796389e+01  -1.0196246e+00
  -1.7473943e+01  -2.3590349e-01
  -2.1742073e+01   5.4193164e-01
  -2.9895535e+01   5.0128193e+00
  -1.8845787e+01   1.0367083e+00
  -1.9691914e+01   1.1862350e+00
  -1.3227639e+01   3.1062910e+00
  -2.1092167e+01  -7.7681591e-01
  -8.7208746e+00   1.1656534e+01
  -1.6867166e+01   6.6728299e-01
  -1.7848714e+01  -5.9650604e-01
  -2.0271516e+01  -1.3140307e+00
  -1.8577863e+01  -1.1900536e-01
  -1.6069270e+01   1.1593998e+00
  -2.4043687e+01   2.1275218e+00
  -2.1027169e+01  -6.0997760e-01
  -2.0532271e+01   4.3290811e-01
  -1.1378268e+01   8.4953618e+00
  -2.7681106e+01   2.7971283e+00
  -2.0384861e+01   1.1921260e+00
  -1.8098941e+01  -1.3926347e+00
  -2.6352227e+01   4.0278999e+00
  -1.8924861e+01   1.2224774e+00
  -2.6163618e+01   2.1106703e+00
  -2.3081804e+01  -2.0029903e-01
  -1.4290597e+01   1.6181526e-02
  -2.3085490e+01  -2.3162464e-01
  -1.8868808e+01   7.9052672e-01
  -1.1854871e+01   3.4807227e+00
  -1.9691911e+01  -1.3907381e-01
  -1.4887178e+01  -8.2467096e-01
  -1.8258066e+01  -1.1978917e-01
  -2.2021411e+01  -4.7527758e-01
  -1.7310664e+01  -2.3437411e-01
  -1.6418551e+01  -2.4584309e-01
  -2.0495058e+01   2.0005110e+00
  -1.9744237e+01   1.8881583e-01
  -2.8325092e+01   2.3308265e+00
  -1.9511266e+01   2.3096676e+00
  -2.9653098e+01   8.4173113e+00
  -1.6846175e+01   2.3608585e+00
  -2.4874465e+01   2.1732966e+00
  -1.8514265e+01  -2.3940601e+00
  -2.0703646e+01  -1.6997264e+00
  -1.5491171e+01   3.2608149e-02
  -1.8795533e+01  -9.8355299e-01
  -1.8480399e+01   5.1162118e-01
  -2.1125041e+01   2.9717325e-01
  -2.3394182e+01   1.4503718e+00
  -1.8766386e+01  -6.5968553e-01
  -1.0842555e+01   5.3632984e+00
  -1.1916290e+01   4.4894167e+00
  -1.8723975e+01  -4.8578068e-02
  -2.0703499e+01   2.5510978e-01
  -1.8539603e+01   1.1641273e+00
  -2.7809265e+01   4.2729301e+00
  -2.5679803e+01   1.5567701e+00
  -1.8499101e+01  -3.0134168e-01
  -2.0925949e+01   1.4563596e+00
  -1.5200325e+01   1.3357398e+00
  -2.6826357e+01   1.4415091e+00
  -2.7313847e+01   4.8571500e+00
  -1.6776427e+01  -5.2414191e-01
  -2.4826969e+01   1.9878208e+00
  -2.0949081e+01  -1.9240181e+00
  -2.5807029e+01   1.7423043e+00
  -2.2465967e+01   9.2471763e-01
  -2.4609969e+01   7.0189918e-01
  -1.0686798e+01   5.8035409e+00
  -1.6788263e+01   9.4864187e-02
  -2.1573960e+01   1.6281208e-01
  -2.7509601e+01   1.1500667e+00
  -1.4802410e+01   1.4301939e-01
  -1.4428688e+01   1.4897634e+00
  -1.1522509e+01   3.8329450e+00
  -1.1364993e+01   3.5030293e+00
  -2.7594636e+01   3.8105867e+00
  -2.3173780e+01   2.8052084e-01
  -1.3497561e+01   1.8945389e+00
  -2.0883934e+01   3.4515047e-02
  -1.2165072e+01   2.6062725e+00
  -2.3426749e+01   8.5954057e-01
  -2.2409103e+01   1.2759638e+00
  -1.8661889e+01   1.1472236e+00
  -1.7729085e+01  -1.0855028e+00
  -1.9301122e+01   1.4542144e+00
  -2.4532881e+01   1.4092306e+00
  -2.7390501e+01   5.4257275e+00
  -2.4958711e+01   1.7814585e-01
  -1.1720136e+01   3.5175745e+00
  -1.8196151e+01   2.3991698e+00
  -1.7551012e+01  -5.3147875e-02
  -2.5910096e+01   2.0177255e+00
  -2.0974610e+01   1.6715146e+00
  -2.3795196e+01   1.6652761e+00
  -2.7346965e+01   2.7591856e+00
  -1.6943548e+01   3.0573131e+00
  -1.3638351e+01   3.2534533e+00
  -2.5156063e+01   5.8460410e-01
  -1.9587436e+01  -6.1121718e-02
  -2.9338193e+01   4.0118248e+00
  -1.6885124e+01  -2.5233693e-01
  -1.9053182e+01  -6.6213539e-01
  -1.8424424e+01  -3.6275272e-01
  -1.8076970e+01   1.4379902e+00
  -1.8572466e+01  -1.1994974e+00
  -1.6723559e+01   2.1243768e-01
  -1.6346237e+01  -1.9942529e+00
  -3.0876707e+01   8.3434106e+00
  -2.4538571e+01  -1.1129422e+00
  -2.4718429e+01  -1.3026520e-02
  -1.9787652e+01   1.8458824e+00
  -1.2506824e+01   3.0647076e+00
  -1.9792858e+01   1.7706912e+00
  -1.6419426e+01   4.3494435e-01
  -2.8094992e+01   4.1459554e+00
  -1.6237698e+01   5.1356115e-01
  -2.7501274e+01   1.8402946e-01
  -1.6029765e+01   6.4599235e-01
  -1.4730330e+01   3.0718493e+00
  -1.9877003e+01   9.8156203e-01
  -1.1536112e+01   6.9851470e+00
  -1.9002366e+01  -1.4028705e+00
  -2.2876815e+01   2.1584755e+00
  -2.2966566e+01   1.8544248e+00
  -2.6258404e+01   4.7652218e+00
  -2.2303758e+01  -6.3535758e-01
  -1.2575384e+01   2.8407855e+00
  -2.7242179e+01   3.6581059e+00
  -1.6913879e+01   2.2304398e+00
  -2.7755589e+01   3.5385997e+00
  -2.2020702e+01   6.6602970e-02
  -2.4016753e+01  -8.7052032e-01
  -1.9389020e+01   3.0030981e-01
  -1.9807518e+01  -1.2196894e-01
  -2.0959484e+01   4.7874774e-01
  -2.9272665e+01   5.7388308e+00
  -1.3027982e+01   3.5709370e+00
  -2.6773397e+01   3.8043884e+00
  -1.7190387e+01   1.3890941e+00
  -1.2313990e+01   6.6006893e+00
  -2.5323413e+01   2.2169378e+00
  -1.6075254e+01   1.4264728e+00
  -1.4093419e+01   1.3140584e+00
  -1.4617911e+01   9.7376456e-01
  -1.7172649e+01   7.9510434e-01
  -1.5047273e+01  -6.3263775e-01
  -1.3526012e+01   1.9035594e+00
  -2.2934361e+01   1.0706088e+00
  -2.9293568e+01   4.3017953e+00
  -2.2139789e+01   1.2772593e+00
  -2.1761756e+01   7.4303119e-01
  -1.2900382e+01   3.2349570e+00
  -1.8435455e+01  -3.0168127e-01
  -1.0668672e+01   5.6413557e+00
  -2.7301762e+01   3.7333693e+00
  -1.6135682e+01   2.8741332e-01
  -1.4426943e+01   3.3532539e+00
  -1.1423089e+01   6.7166545e+00
  -2.7217235e+01   5.9835262e+00
  -2.3906811e+01   1.6473287e+00
  -2.4479310e+01   1.9376847e+00
  -1.3292446e+01   6.2161363e-01
  -2.3331465e+01  -6.6241592e-01
  -1.2694941e+01   1.4367924e+00
  -2.4797388e+01   1.4031317e+00
  -1.7197848e+01   1.2119460e+00
  -2.4828664e+01   2.3073261e+00
  -1.8942009e+01   6.8382360e-01
  -2.3715138e+01   7.0960707e-01
  -2.9384143e+01   6.1443697e+00
  -2.1264656e+01   4.6088375e-01
  -2.4634979e+01   4.5461655e-01
  -2.0394894e+01  -1.9750337e+00
  -2.4380787e+01  -8.7014652e-02
  -1.5924049e+01   1.6055926e+00
  -2.1926886e+01  -1.2117647e+00
  -2.6820997e+01   4.5390669e+00
  -1.2179133e+01   2.4110611e+00
  -3.0134520e+01   1.0140980e+01
  -1.9226320e+01   2.3929198e-01
  -2.8717611e+01   4.5383111e+00
  -2.4286986e+01   2.2779431e+00
  -1.7933792e+01  -7.5941851e-01
  -1.6977212e+01  -1.8047308e+00
  -1.9394465e+01   1.0022985e+00
  -2.0679459e+01  -9.8322990e-01
  -1.1778667e+01   4.9441574e+00
  -1.8326710e+01   5.1722473e-01
  -1.9914232e+01  -2.8332172e-01
  -2.2903152e+01   5.8010804e-01
  -2.0105245e+01   7.9776474e-02
  -1.9074537e+01   4.1381883e-01
  -1.9379274e+01   3.8367970e-01
  -1.5357600e+01   3.0532952e+00
  -1.5590878e+01  -9.1989740e-03
  -2.8173134e+01   1.4461552e+01
  -1.6634695e+01  -4.1733722e-03
  -2.6426623e+01   1.3050566e+00
  -1.8444629e+01   1.2935761e+00
  -1.8293209e+01   2.2806829e+00
  -1.4018274e+01   2.8131008e+00
  -2.0237354e+01   5.0950103e-01
  -2.7622591e+01   1.8916941e+00
  -1.7203949e+01   8.0892719e-01
  -1.3527786e+01   1.7503110e+00
  -1.4096911e+01   3.0864629e+00
  -2.0788665e+01  -2.0178928e-01
  -2.0746799e+01  -9.4677177e-01
  -1.5904499e+01   5.4449319e-01
  -1.4480203e+01   4.9685261e-01
  -1.5586806e+01   1.2574839e+00
  -1.2623706e+01   3.2842119e+00
  -2.7552927e+01   1.6208712e+00
  -1.6183349e+01   1.8896146e+00
  -1.7517799e+01  -5.5526774e-02
  -1.7050673e+01  -6.2497975e-02
  -3.0865128e+01   8.2474383e+00
  -1.5830126e+01   3.3901363e-01
  -1.9853932e+01  -6.1197193e-01
  -1.8724471e+01  -5.2626951e-01
  -2.2935333e+01   1.8278709e+00
  -2.1438511e+01   7.1558400e-01
  -1.6250348e+01   8.0451595e-01
  -2.3820428e+01   7.3708687e-01
  -2.7471610e+01   2.3737835e+00
  -1.2150920e+01   1.0904425e+00
  -2.4486661e+01   1.3395995e+00
  -2.2909233e+01  -4.2476170e-01
  -2.5073430e+01   3.2120727e+00
  -1.9970526e+01   1.7419582e-01
  -2.1536432e+01  -7.5862539e-02
  -1.1655200e+01   3.4928568e+00
  -2.2378841e+01   5.1805321e-01
  -2.3024671e+01   1.2544754e-02
  -2.9722988e+01   4.5728464e+00
  -2.1007046e+01   9.9126836e-01
  -1.5756265e+01  -1.5434447e+00
  -1.5647166e+01   1.5182718e+00
  -2.1267363e+01   1.0641327e+00
  -2.2680741e+01   7.3407791e-01
  -1.8224071e+01   8.5477627e-01
  -1.8271144e+01   5.4837528e-01
  -2.4084137e+01   2.3428058e+00
  -2.2555133e+01   5.4844081e-01
  -1.9626555e+01  -8.8502028e-01
  -2.3906869e+01   2.7578045e-01
  -2.2379354e+01   1.3659830e+00
  -2.2239205e+01   6.9350626e-01
  -2.0171679e+01  -5.5419042e-01
  -1.7571821e+01   1.8210269e+00
  -2.0292575e+01   1.6334298e-01
  -1.4296404e+01   1.4898790e+00
  -1.4810068e+01   2.3304556e+00
  -1.1839939e+01   4.2774121e+00
  -2.3645374e+01   2.0945008e+00
  -1.1019303e+01   3.4351408e+00
  -1.3455221e+01   1.5359020e+00
  -2.5011758e+01   1.5761981e-01
  -2.4036541e+01   1.6048941e+00
  -2.1299232e+01   5.7270837e-01
  -2.5337517e+01   3.1441638e+00
  -1.5114465e+01   8.9026103e-01
  -2.4162067e+01   3.8810266e-01
  -2.8074416e+01   3.6092932e+00
  -2.1172664e+01   2.8580326e-01
  -1.9577061e+01  -4.5054189e-01
  -2.8781258e+01   5.0895523e+00
  -1.8129120e+01  -8.3933792e-02
  -1.8876116e+01  -4.7961483e-01
  -2.5699704e+01   2.1094254e+00
  -2.2057874e+01   7.0734349e-01
  -1.9789954e+01   7.2200578e-01
  -1.8248912e+01   1.6511717e+00
  -1.2218500e+01   4.8676540e+00
  -1.5482845e+01   4.3987275e-01
  -2.1306050e+01   2.7528765e-01
  -2.7307104e+01   2.3409545e+00
  -2.2310719e+01  -4.9320021e-01
  -1.4575123e+01   1.2200581e+00
  -1.6711938e+01   1.1582323e-01
  -1.3327209e+01   3.8611664e+00
  -2.1586624e+01   1.8988901e+00
  -1.8183641e+01  -3.0674762e-01
  -1.5738664e+01   1.3229615e-01
  -1.4976540e+01   1.0638007e+00
  -1.5462816e+01   5.5353355e-01
  -1.5398118e+01   2.2179314e+00
  -2.0744928e+01   3.6015140e-01
  -1.5146430e+01   1.2887094e+00
  -1.7078053e+01   1.6231114e+00
  -2.5381372e+01   9.0646046e-01
  -2.0187552e+01   2.9992399e-02
  -1.5630470e+01   8.8260466e-01
  -2.8572699e+01   2.9033335e+00
  -2.2239619e+01   7.8166270e-01
  -1.9493373e+01   6.7060668e-01
  -2.5610194e+01   9.0243149e-01
  -2.1680493e+01   6.9472327e-02
  -2.0708800e+01  -3.3031576e-01
  -2.4036051e+01   8.5456173e-01
  -1.5530454e+01   3.1617701e-01
  -1.8297209e+01  -9.7848006e-02
  -2.8054135e+01   5.2472017e+00
  -1.3558410e+01  -5.6878433e-01
  -1.2672132e+01   3.1875531e+00
  -1.3161669e+01   6.8729755e-02
  -1.8911446e+01   6.7960317e-01
  -9.0653153e+00   1.3628327e+01
  -2.3079211e+01   1.5761155e+00
  -1.7166661e+01   9.7407282e-01
  -1.6744127e+01   1.2735508e+00
  -1.8064195e+01   1.5441331e+00
  -1.6408635e+01   2.2943420e+00
  -1.5277171e+01  -2.0517490e+00
  -2.3514744e+01  -1.0055333e+00
  -1.7774934e+01  -4.4352873e-01
  -2.4459088e+01   1.0192274e+00
  -1.5412137e+01   2.4391267e+00
  -2.6903571e+01   3.7077138e+00
  -2.3453000e+01  -1.5063873e+00
  -2.3670655e+01   1.9315572e+00
  -2.2513965e+01   2.1004440e+00
  -2.2630179e+01   1.3180581e-01
  -2.2323442e+01  -1.3554355e+00
  -2.2026357e+01   3.0734309e+00
  -1.3902999e+01   2.4148834e+00
  -1.8687484e+01   7.7085565e-01
  -1.5134074e+01   1.8089327e+00
  -2.3040732e+01   5.4375724e-01
  -1.8956194e+01   1.9746193e+00
  -2.1288533e+01  -6.8712128e-01
  -1.4715995e+01   2.3526832e+00
  -1.6171925e+01   2.5159904e+00
  -1.6852571e+01   1.3643797e+00
  -2.5478620e+01   1.3633596e+00
  -2.8313528e+01   5.6164212e+00
  -2.1418291e+01   3.1018875e-01
  -1.4297734e+01   1.2117507e+00
  -1.0349973e+01   5.0304278e+00
  -2.6647146e+01   2.5643584e+00
  -1.6081392e+01   1.5340920e+00
  -1.1808037e+01   6.3711763e+00
  -2.9077572e+01   5.5076777e+00
  -1.9249048e+01  -3.9366555e-01
  -1.7927052e+01  -7.3044310e-01
  -2.8508639e+01   1.5471598e+00
  -1.6359934e+01   6.8059822e-01
  -1.6594470e+01  -8.0126222e-02
  -2.0326764e+01   7.7953967e-01
  -2.2711079e+01   1.0590483e+00
  -2.2940163e+01   1.4552734e-01
  -2.3940276e+01   6.9877182e-01
  -1.4521745e+01   9.0597241e-01
  -1.9615029e+01   3.7714276e-01
  -1.9323124e+01   1.5383242e+00
  -2.2677911e+01  -5.2033206e-01
  -1.8638064e+01   1.0630014e-01
  -1.2851254e+01   3.8449880e+00
  -2.5764252e+01  -1.2719614e+00
  -2.4601832e+01   2.8166606e+00
  -2.0230408e+01   4.0725327e-01
  -1.9857951e+01   2.4316448e+00
  -2.1937286e+01   1.2654423e+00
  -2.7586166e+01   4.7241535e+00
  -2.0900046e+01   1.6142578e+00
  -1.9273828e+01  -2.2115054e-01
  -2.7709299e+01   3.9991602e+00
  -1.9773179e+01  -1.3230745e-01
  -1.2421850e+01   3.1875414e+00
  -1.8088043e+01   4.8949413e-01
  -1.5814556e+01   5.6397627e-01
  -1.5181497e+01   4.8076426e-01
  -1.6052843e+01   1.2235263e+00
  -1.6049603e+01   1.3954139e+00
  -2.6287076e+01   2.2802260e+00
  -1.5162357e+01   1.0398573e+00
  -1.2421143e+01   5.6244287e+00
  -1.5342830e+01   2.1611849e+00
  -2.2285709e+01   1.1798098e+00
  -1.5753891e+01   2.1493082e+00
  -2.4578127e+01   1.3537152e+00
  -1.1419112e+01   3.1745553e+00
  -2.9680275e+01   6.5769018e+00
  -1.7616931e+01  -1.8791005e-02
  -2.4852918e+01   7.6586894e-01
  -1.6715454e+01  -3.1782412e-01
  -2.2063231e+01  -7.3852826e-02
  -2.1317285e+01   1.9268532e-01
  -2.7719266e+01   2.6730129e+00
  -2.1140023e+01   1.0779447e-02
  -1.4288000e+01   1.1611276e+00
  -1.7399463e+01   2.0527996e-01
  -2.1683409e+01  -1.0270729e+00
  -2.2026699e+01   1.1156012e-01
  -1.6258915e+01   1.5035907e+00
  -1.6040360e+01   4.6517774e-01
  -1.4281524e+01   3.5708703e-01
  -2.1559252e+01  -8.9073663e-01
  -2.8822721e+01   5.0711457e+00
  -1.3233369e+01   2.7323802e+00
  -2.0019222e+01   1.4608012e-01
  -1.4059615e+01   2.5841047e+00
  -1.3784892e+01   6.5046504e-01
  -1.9482330e+01   2.0111058e+00
  -2.2813989e+01  -9.1774724e-01
  -2.2849016e+01   1.7233973e+00
  -1.6211540e+01   8.8422569e-01
  -1.7494458e+01  -3.5077195e-02
  -2.5811575e+01   2.3116187e+00
  -2.6422407e+01   2.9186346e+00
  -2.6594328e+01   2.6525281e+00
  -3.0209404e+01   9.4422423e+00
  -2.4621882e+01   2.4144670e+00
  -2.9128367e+01   6.6114032e+00
  -1.6981254e+01   2.1366329e+00
  -2.2554312e+01  -6.0698712e-01
  -2.2807935e+01  -1.0399685e+00
  -2.7945660e+01   2.3261512e+00
  -1.5063539e+01   2.7165418e+00
  -1.1174666e+01   2.0300041e+00
  -1.1653034e+01   2.1329032e+00
  -2.4997693e+01   5.1292900e-01
  -2.4749486e+01   5.8393013e-01
  -1.5988798e+01   4.6880515e-01
  -2.1917584e+01   3.1954359e-01
  -1.4720220e+01  -9.3796090e-02
  -1.5393185e+01   2.0655785e-01
  -2.4853117e+01   1.8133466e+00
  -1.3837226e+01   3.1314100e+00
  -1.7503129e+01   1.2485362e+00
  -2.3771589e+01   5.2144894e-01
  -1.7201054e+01   2.3202666e+00
  -2.5822746e+01   2.6331132e+00
  -1.8998678e+01  -8.0081855e-01
  -2.5821023e+01   2.0601261e-01
  -1.5735963e+01   7.6167518e-01
  -1.7270416e+01   1.6641518e+00
  -2.6423942e+01   2.0546889e+00
  -2.6373928e+01   3.3942032e+00
  -1.6218457e+01   7.7292732e-01
  -8.8507407e+00   1.1430311e+01
  -1.8417093e+01   1.6938838e+00
  -1.4867857e+01  -3.6409747e-01
  -1.1588280e+01   7.0547692e+00
  -1.9853411e+01  -1.9701500e-01
  -2.0924773e+01  -1.6182511e+00
  -2.0535583e+01  -6.3282728e-01
  -1.5897038e+01   1.9813706e+00
  -1.1216466e+01   5.3007557e+00
  -1.6162647e+01   1.9196022e+00
  -2.4105987e+01   6.4896433e-01
  -2.1540427e+01   6.5456157e-01
  -1.6072815e+01  -3.4005432e-01
  -1.4754422e+01   2.9150584e-01
  -2.0850898e+01  -7.0222912e-02
  -2.1764592e+01   1.3160654e-01
  -2.3737349e+01   3.0469399e-01
  -1.8021983e+01   1.1568077e+00
  -1.8751309e+01  -3.8579206e-01
  -1.2493005e+01   4.5220502e+00
  -2.0535872e+01  -1.0748836e+00
  -2.2652760e+01  -1.0454139e+00
  -1.3471350e+01   4.9344300e+00
  -2.8252339e+01   4.2338279e+00
  -2.1987762e+01   9.1027174e-01
  -2.7606474e+01   8.8166234e-01
  -2.1615895e+01  -9.9857947e-02
  -2.6644863e+01   1.8764347e+00
  -1.6562509e+01  -2.9732590e-01
  -2.6782686e+01   4.5635539e+00
  -2.1719886e+01   2.2618893e-01
  -2.3865894e+01  -2.0834060e-01
  -2.6614094e+01   2.1566297e+00
  -1.2622323e+01   4.3848805e+00
  -2.5501899e+01   1.1845366e+00
  -2.4111945e+01   5.8128784e-01
  -2.2656305e+01  -5.0920999e-01
  -1.8649757e+01   3.6038960e-01
  -2.7489832e+01   1.1992035e+00
  -2.0365890e+01  -1.6240881e+00
  -1.1538734e+01   2.8199403e+00
  -2.5036702e+01   6.3590244e-01
  -1.6325158e+01   1.8898427e+00
  -2.3362897e+01   8.0034255e-01
  -1.7618474e+01  -3.3125311e-01
  -1.9448261e+01   4.9560295e-01
  -3.0368440e+01   5.1381960e+00
  -1.8690616e+01   1.6220875e-01
  -2.1099957e+01  -1.3382554e+00
  -2.6127171e+01   3.2242073e+00
  -1.8950594e+01   5.1411049e-02
  -1.4315722e+01   1.5194310e+00
  -2.5483245e+01   2.3136398e+00
  -1.2793853e+01   4.7349249e-01
  -2.4303219e+01   1.5524415e+00
  -2.7302739e+01   1.2900494e+00
  -1.5882867e+01   1.1252722e+00
  -1.6971478e+01   2.6631370e-01
  -1.5773957e+01   1.1482038e+00
  -2.0999709e+01   6.8566866e-01
  -2.1986627e+01   1.2093270e+00
  -1.3158226e+01   2.1553727e+00
  -2.7249784e+01   2.1891899e+00
  -2.6076432e+01   1.1091884e+00
  -2.2906995e+01  -1.8156668e+00
  -2.1122477e+01  -9.9146733e-01
  -1.9716047e+01   1.0746552e+00
  -2.7408162e+01   1.8634096e+00
  -2.1089288e+01  -1.9229822e-01
  -1.4408149e+01   2.1403471e+00
  -2.5521208e+01   1.4264968e+00
  -2.7160675e+01   3.3553142e+00
  -2.3471582e+01   1.4068626e+00
  -1.9575499e+01  -3.8370574e-01
  -1.8508788e+01  -1.2222940e+00
  -1.5982693e+01   2.0631615e+00
  -1.7637628e+01   1.7417904e+00
  -1.5739849e+01  -2.2933486e-01
  -1.4422819e+01   2.3632762e+00
  -1.9323353e+01  -1.7257448e-01
  -2.3662772e+01   1.1968846e+00
  -2.2616879e+01   1.2384566e+00
  -2.0609833e+01  -5.0155091e-01
  -1.8798422e+01   6.6559389e-01
  -1.7915310e+01  -1.1993131e-01
  -2.4180496e+01   3.1562669e-01
  -2.6156671e+01   1.2443262e+00
  -2.2590071e+01   2.2970289e+00
  -1.8036572e+01   2.1019584e-01
  -1.5612737e+01  -8.6176898e-01
  -1.4874419e+01   2.3103327e+00
  -2.3450645e+01   5.0243338e-01
  -2.9282832e+01   3.6949648e+00
  -1.8650079e+01  -3.5873381e-01
  -2.6941159e+01   1.2866972e+00
  -1.7525312e+01  -7.4333744e-01
  -1.6601400e+01   1.1653817e+00
  -2.2875128e+01   1.6018422e+00
  -2.0325963e+01  -1.0853655e+00
  -2.1575877e+01  -6.5582280e-01
  -2.3385600e+01   8.9198671e-01
  -1.7450860e+01  -7.8572332e-01
  -2.0109156e+01   6.3846625e-01
  -2.1009065e+01  -1.5896046e+00
  -1.5296229e+01   1.6831658e+00
  -2.4098736e+01   2.0096594e-02
  -1.6559221e+01   4.4087892e-01
  -2.1708691e+01   1.0995928e+00
  -1.8385348e+01  -7.8224537e-01
  -1.9980806e+01  -1.1040586e+00
  -1.9463053e+01   1.6396285e+00
  -1.1840693e+01   3.8312834e+00
  -2.1887897e+01   9.8510217e-01
  -1.1465720e+01   4.8818268e+00
  -4.0313597e+01   7.0769288e+00
  -3.7878876e+01   4.5405250e+00
  -4.0437852e+01   1.3829154e+01
  -3.6758774e+01   2.1562273e+00
  -3.7336439e+01   2.2088289e+00
  -4.0857764e+01   4.9485393e+00
  -3.2322593e+01   2.6350699e+01
  -3.8420452e+01   1.4796437e+01
  -4.0137359e+01   1.6314378e+01
  -3.5319800e+01  -1.0719785e+00
  -3.7612528e+01  -5.4603450e-01
  -3.8518779e+01   1.3808623e+01
  -3.3324273e+01  -2.5751420e+00
  -3.9761248e+01   8.4958086e+00
  -3.7634164e+01   3.5327166e+00
  -2.9753381e+01   2.7568723e+01
  -3.8103656e+01   1.6439699e+01
  -4.0495105e+01   1.6890413e+01
  -3.9610898e+01   1.1458563e+01
  -3.9870245e+01   5.9125917e+00
  -3.9534585e+01   8.7819653e+00
  -3.7501030e+01   2.0522018e+01
  -3.3285293e+01  -6.8410438e+00
  -4.0005984e+01   3.4611006e+00
  -3.9961451e+01   4.1115360e+00
  -3.6790745e+01  -1.6083905e+00
  -4.0451236e+01   1.2336882e+01
  -4.0214110e+01   1.1336401e+01
  -3.4621606e+01  -4.0361874e+00
  -3.6453220e+01  -1.4864159e+00
  -3.3273827e+01   2.2418838e+01
  -3.0520419e+01  -7.6581585e+00
  -4.1081405e+01   5.9480888e+00
  -3.9596542e+01   1.4951393e+01
  -3.7997209e+01   1.2106608e+01
  -4.1364337e+01   1.3437253e+01
  -3.9914976e+01   1.5150819e+01
  -3.8092895e+01   5.5817163e-01
  -3.3929649e+01  -6.4765957e+00
  -3.6722916e+01  -6.9483787e-01
  -3.8784276e+01   3.1554683e+00
  -3.6607766e+01   2.5082642e+00
  -3.8584969e+01   1.7377943e+01
  -3.4024405e+01  -4.0999915e+00
  -3.2404775e+01  -5.6623207e+00
  -3.5559196e+01   2.2222547e+01
  -3.8373601e+01   1.7898794e+01
  -3.4552983e+01  -4.4976020e+00
  -3.7933441e+01   1.0652049e+01
  -3.7997373e+01   1.3820948e+01
  -2.9750426e+01   2.8822846e+01
  -4.0225834e+01   9.9925215e+00
  -3.9673371e+01   1.3589664e+01
  -3.8391215e+01   1.4651727e+01
  -3.5151367e+01   2.3864985e+01
  -3.8631397e+01   6.3240306e+00
  -2.4205565e+01  -1.1940044e+01
  -3.9217936e+01   1.6427706e+01
  -3.9589757e+01   1.1140370e+01
  -4.0850221e+01   7.5508234e+00
  -3.9246370e+01   1.7403418e+01
  -3.8216454e+01   3.9269243e+00
  -3.7881029e+01   1.0757969e+01
  -3.8779748e+01   1.5471234e+01
  -3.9805230e+01   9.4288837e+00
  -3.7382281e+01   4.2868790e+00
  -3.7601053e+01   1.8975671e+01
  -4.0779021e+01   8.1955863e+00
  -4.0133523e+01   8.8917205e+00
  -3.9525967e+01   1.6933790e+01
  -3.5662558e+01  -6.9847916e-01
  -3.5694110e+01   1.9886975e+01
  -3.9182170e+01   3.2688986e+00
  -3.8843946e+01   1.9078086e+01
  -3.8820904e+01   1.2202728e+01
  -3.9205541e+01   1.8803017e-01
  -3.8892700e+01   5.3052949e+00
  -3.2846774e+01   2.6654838e+01
  -3.6617337e+01   1.7292872e+01
  -3.7391261e+01   1.9414926e+01
  -3.8966382e+01   1.6453000e+01
  -4.0452979e+01   6.2684768e+00
  -3.9074067e+01   5.7893508e+00
  -3.7094759e+01   2.1969585e+01
  -1.7587754e+01  -9.0353728e+00
  -3.9944596e+01   9.5269678e+00
  -3.3180426e+01   2.5568394e+01
  -3.9253915e+01   1.2425878e+01
  -3.9324789e+01   1.5235483e+01
  -3.8411022e+01   1.7752208e+01
  -3.8238415e+01   1.8803154e+01
  -3.5220568e+01  -1.3990602e+00
  -3.9883172e+01   5.6991766e+00
  -3.9084935e+01   9.8330959e+00
  -4.1163492e+01   9.4555638e+00
  -3.9997331e+01   9.3399806e+00
  -4.0668256e+01   1.3764532e+01
  -3.8851062e+01   2.1219332e+01
  -3.1430396e+01   2.6059685e+01
  -3.7985973e+01   8.9374980e+00
  -3.9187466e+01   1.4278214e+01
  -3.8571365e+01   1.8795839e+01
  -3.9604432e+01   1.2183863e+01
  -3.9656765e+01   6.2068313e+00
  -3.8707871e+01   9.5421152e+00
  -3.8180101e+01   3.2770575e+00
  -3.8908441e+01   5.6327787e+00
  -3.7361119e+01   2.9403319e+00
  -3.8218637e+01   8.5073600e+00
  -3.8274554e+01   1.6641283e+01
  -3.0154019e+01  -6.2549012e+00
  -3.1748549e+01  -5.0650088e+00
  -3.6249478e+01   2.0606599e+01
  -3.9198307e+01   7.3808900e+00
  -3.1471613e+01   2.6651002e+01
  -3.7124101e+01  -1.2034653e-01
  -4.1307291e+01   1.0473063e+01
  -3.7948374e+01   1.8430861e+01
  -2.0808551e+01   2.9144939e+01
  -2.8988781e+01   2.7725222e+01
  -2.9920412e+01  -8.2226654e+00
  -3.3373325e+01   2.5123476e+01
  -3.7643689e+01   1.7842120e+00
  -3.8924231e+01   1.6430180e+01
  -4.0662382e+01   6.6443307e+00
  -3.7084303e+01  -3.6376283e-01
  -4.0947768e+01   2.1047832e+00
  -3.7345872e+01  -8.2716881e-01
  -3.9603853e+01   5.7772102e+00
  -3.9548781e+01   1.4538552e+01
  -2.9319308e+01  -6.2727889e+00
  -3.8055820e+01  -4.8017831e-01
  -3.6038968e+01   2.0483855e+01
  -3.6260750e+01   2.0287111e+01
  -3.8166986e+01   7.2719138e-01
  -3.9197004e+01   6.2425642e+00
  -3.9515572e+01   6.3480494e+00
  -3.9709248e+01   7.8030602e+00
  -4.0433347e+01   1.5510840e+01
  -3.9903938e+01   6.5696124e+00
  -3.0689634e+01  -8.2031857e+00
  -3.8929254e+01   1.1302221e+01
  -3.6270469e+01   2.0964966e+01
  -2.8229946e+01   2.9653579e+01
  -3.8698962e+01   3.4035070e+00
  -4.0699872e+01   1.0181630e+01
  -3.9570193e+01   7.5948979e+00
  -4.0356200e+01   1.0812193e+01
  -3.5619878e+01   2.2024295e+01
  -3.6132432e+01  -1.9571495e+00
  -3.1619198e+01  -5.8277919e+00
  -4.0025420e+01   6.4460968e+00
  -4.0528218e+01   6.7843084e+00
  -3.9877681e+01   9.0844516e+00
  -3.9059170e+01   5.2480758e+00
  -4.0050419e+01   1.4532709e+01
  -3.6034353e+01   1.9086233e+01
  -3.8663700e+01   3.6417490e+00
  -3.8652795e+01   1.2111138e+01
  -3.8993036e+01   7.9084471e+00
  -3.3880742e+01   2.0609153e+01
  -3.7580642e+01   1.3510540e+00
  -3.9296970e+01   9.7325328e+00
  -3.9610077e+01   1.4156086e+01
  -3.6689509e+01   2.2720837e+01
  -3.9852868e+01   4.7833327e+00
  -3.9588983e+01   7.7636487e+00
  -3.8290079e+01   4.7556279e+00
  -4.0616629e+01   6.0021443e+00
  -3.6251317e+01  -3.2027789e+00
  -3.9239373e+01   1.2631558e+01
  -3.8873447e+01   1.2513804e+01
  -4.0537541e+01   8.2513117e+00
  -3.3587990e+01  -3.2911607e+00
  -4.0013797e+01   1.2874297e+01
  -3.9497197e+01   1.0012194e+01
  -3.9582217e+01   6.8273656e+00
  -4.0488064e+01   1.0742168e+01
  -4.0915082e+01   9.7137767e+00
  -3.9573527e+01   1.9604814e+01
  -3.6965229e+01   1.9113864e+01
  -4.0889562e+01   1.4198948e+01
  -3.9429942e+01   1.0197907e+01
  -3.9797246e+01   6.0464028e+00
  -3.5507072e+01   2.3023192e+01
  -3.4527113e+01  -5.0821848e+00
  -3.8945443e+01   1.0262878e+01
  -4.0234598e+01   1.2275958e+01
  -3.6634125e+01  -2.5854636e+00
  -4.0545144e+01   1.3991956e+01
  -3.9214466e+01   5.7747601e+00
  -3.8584767e+01   1.4975652e+01
  -3.4129747e+01   2.5203098e+01
  -3.8329615e+01   8.9134628e+00
  -3.9784597e+01   1.4027927e+01
  -3.8697227e+01   1.4210016e+00
  -3.6090638e+01   2.4936307e+01
  -3.7592211e+01   8.3745274e-01
  -3.8144410e+01   1.5808939e+01
  -3.8506609e+01   3.8050347e+00
  -3.8773583e+01   1.6244918e+00
  -3.9608807e+01   6.3029419e+00
  -3.9804515e+01   8.4962214e+00
  -3.9292587e+01   1.8861883e+01
  -3.9217785e+01   3.1224705e+00
  -3.9503986e+01   5.4876411e+00
  -3.3281576e+01  -3.1597408e+00
  -3.8598705e+01   1.3805782e+01
  -3.6336580e+01  -4.6230422e-02
  -2.8241791e+01  -7.1266016e+00
  -4.1025670e+01   1.2840100e+01
  -3.8328744e+01   1.4123209e+01
  -4.2716109e+01   1.2312285e+01
  -4.0328714e+01   1.0637717e+01
  -3.8298549e+01   1.8761116e+01
  -3.9062724e+01   4.1467977e+00
  -3.9493275e+01   1.1528120e+01
  -4.0798545e+01   7.2524087e+00
  -4.0819662e+01   1.2714095e+01
  -2.4522207e+01  -1.0311276e+01
  -3.8793284e+01   3.3875442e+00
  -4.0131717e+01   2.7367006e+00
  -4.0045718e+01   4.1521831e+00
  -3.8779940e+01   1.5223120e+01
  -4.1226039e+01   5.2286957e+00
  -3.8208579e+01   2.2176487e+01
  -2.9850365e+01  -7.7382949e+00
  -3.8301674e+01   4.3047935e+00
  -2.7531534e+01   2.7039247e+01
  -3.9123641e+01   5.6513962e+00
  -3.9078342e+01   1.4159178e+01
  -4.0213698e+01   3.6295889e+00
  -3.8461721e+01   9.6007805e+00
  -3.8904685e+01   3.7587333e+00
  -4.1701374e+01   1.0140510e+01
  -3.9854008e+01   1.8584815e+01
  -4.0538623e+01   1.0634048e+01
  -3.7201782e+01   6.5354893e-02
  -4.2265333e+01   1.0946459e+01
  -4.0099032e+01   1.3862079e+01
  -4.0285786e+01   7.9186475e+00
  -3.7442618e+01   1.8853849e+01
  -3.9802778e+01   1.5096452e+01
  -4.0978588e+01   1.5381033e+01
  -3.9265354e+01   1.4139050e+01
  -2.3919144e+01  -8.5341276e+00
  -2.9900019e+01  -6.3317796e+00
  -3.7152932e+01   1.9235667e+01
  -3.9098269e+01   1.0786815e+01
  -3.9849255e+01   1.8640020e+01
  -3.3116721e+01  -7.3033976e+00
  -2.9374971e+01  -6.6866794e+00
  -4.0519070e+01   8.9717190e+00
  -3.6233920e+01   1.8008671e+01
  -4.0883082e+01   1.1837099e+01
  -3.6620328e+01  -1.9429299e+00
  -4.0587100e+01   2.5043316e+00
  -3.6267893e+01   2.1595222e+01
  -3.9722632e+01   5.8132766e+00
  -3.9623326e+01   4.7051163e+00
  -3.6836780e+01   2.8463488e+00
  -3.7681918e+01   1.8871773e+01
  -3.9527489e+01   1.5833512e+01
  -3.3134056e+01   2.4512656e+01
  -4.1718301e+01   6.9024300e+00
  -3.9597942e+01   5.3233869e+00
  -3.6286174e+01  -1.0447628e+00
  -2.4209431e+01   3.0197474e+01
  -3.9092746e+01   1.3739408e+01
  -3.3171333e+01  -4.6500030e+00
  -3.9045789e+01   8.9457580e+00
  -3.9916415e+01   1.0868458e+01
  -4.1907770e+01   1.1475377e+01
  -3.9988282e+01   1.2706187e+01
  -4.0721099e+01   7.9118766e+00
  -4.0899786e+01   9.8934096e+00
  -3.7797179e+01   2.0593124e+01
  -3.9814557e+01   3.7463755e+00
  -4.0029872e+01   7.8616227e+00
  -3.8170201e+01   5.9680422e+00
  -3.6055783e+01   1.9146671e+01
  -3.4625609e+01  -2.7841755e+00
  -4.0151474e+01   1.5815472e+01
  -3.9416853e+01   6.8450257e+00
  -3.2484963e+01  -3.7452096e+00
  -3.8077519e+01   2.4612326e+00
  -3.3726574e+01   2.4332111e+01
  -3.9247435e+01   1.0314540e+01
  -3.8894313e+01   7.3168392e+00
  -4.0367547e+01   8.9439214e+00
  -3.8147827e+01   2.1688838e+01
  -3.9015961e+01   5.3496965e+00
  -3.9025833e+01   1.3310509e+01
  -3.9474603e+01   1.0747481e+01
  -3.9190020e+01   1.0983330e+00
  -3.9714401e+01   1.4575600e+01
  -4.0665841e+01   1.5702361e+01
  -4.0014700e+01   1.7539062e+01
  -3.9087425e+01   8.9695177e+00
  -3.9989260e+01   1.1508849e+01
  -2.9496240e+01   2.6495095e+01
  -3.9444930e+01   1.7710400e+01
  -3.8490139e+01   6.3148146e+00
  -4.0867135e+01   1.0571942e+01
  -4.1837587e+01   9.9940096e+00
  -2.7713947e+01  -7.6208395e+00
  -3.4444131e+01   2.3180206e+01
  -3.9882622e+01   9.1777722e+00
  -3.3524867e+01   2.2966879e+01
  -3.7428431e+01   1.8005348e+01
  -4.0409000e+01   1.0308984e+01
  -3.6487552e+01   2.0829309e+01
  -4.0450744e+01   1.1250153e+01
  -3.8351655e+01   5.6700117e+00
  -4.0320901e+01   1.8619092e+00
  -3.4857442e+01  -4.6922889e+00
  -3.9584455e+01   1.5967594e+01
  -3.9215678e+01   2.4802206e+00
  -3.6695314e+01   2.0419650e+01
  -3.8348848e+01   2.3630843e+00
  -3.8648884e+01   1.2006154e+01
  -3.9257618e+01   1.1261144e+01
  -4.1098136e+01   1.1049705e+01
  -4.0872913e+01   1.3339475e+01
  -3.8726557e+01   4.1955043e+00
  -3.6493328e+01   1.8254808e+01
  -3.9962018e+01   5.5168122e+00
  -3.9968187e+01   4.8256894e+00
  -4.0263115e+01   1.2401316e+01
  -3.5014026e+01   2.2522225e+01
  -4.2263396e+01   7.1158839e+00
  -3.1693329e+01  -6.2766743e+00
  -4.0671803e+01   6.8256605e+00
  -3.7073058e+01   1.8314500e+01
  -3.6344950e+01   2.0751092e+01
  -4.1311775e+01   1.4893678e+01
  -3.7515116e+01   3.1274767e+00
  -3.8584055e+01  -1.3958036e+00
  -4.1232392e+01   1.0956737e+01
  -3.8504927e+01   2.4620737e+00
  -3.2282596e+01  -6.2676600e+00
  -4.1768756e+01   9.0456667e+00
  -3.8853149e+01   5.5949851e+00
  -3.0582556e+01  -7.4463045e+00
  -3.1029286e+01   2.6408204e+01
  -4.0201139e+01   1.2579224e+01
  -3.3099656e+01  -5.0797558e+00
  -3.9493607e+01   8.3988522e+00
  -3.8669431e+01   2.2159077e+00
  -3.6044000e+01   2.1812059e+01
  -3.4813759e+01  -2.9651777e+00
  -3.8513615e+01  -2.6680830e-01
  -3.7531735e+01  -3.2832865e-01
  -3.9127397e+01   1.4762681e+01
  -4.1143360e+01   6.9610759e+00
  -3.8325082e+01   9.8947925e+00
  -3.5547092e+01  -2.7689303e+00
  -3.6014286e+01   2.0563759e+01
  -4.0076777e+01   1.2440993e+01
  -3.5498504e+01   2.3972870e+01
  -4.1551706e+01   7.5782071e+00
  -3.8025330e+01   3.7823054e+00
  -4.0183772e+01   1.5109414e+01
  -3.7282234e+01   1.3444503e+01
  -3.6210735e+01  -1.3517540e+00
  -3.8918921e+01   1.0392400e+01
  -3.7298603e+01   2.0723910e+01
  -3.9955339e+01   1.4952884e+01
  -3.7876154e+01   1.5739475e+01
  -4.0179845e+01   5.8474290e+00
  -4.1790651e+01   1.3603293e+01
  -3.9259827e+01  -1.0764540e+00
  -3.9008998e+01   1.0964441e+01
  -4.0326738e+01   1.1533055e+01
  -3.9081330e+01   5.9826671e+00
  -3.9462205e+01   1.2303040e+01
  -4.0595358e+01   1.3582241e+01
  -3.9816022e+01   1.0862498e+01
  -3.5109710e+01  -1.8735053e+00
  -4.0126771e+01   8.6842950e+00
  -3.0087830e+01   2.6676234e+01
  -3.7128134e+01   2.1601252e+01
  -3.9067230e+01   8.7068212e+00
  -3.6208891e+01  -2.0330930e+00
  -2.7746813e+01   2.8725579e+01
  -3.8658879e+01   1.9628968e+01
  -3.2796772e+01   2.6680207e+01
  -3.9938750e+01   1.0432786e+01
  -4.0594437e+01   1.3637771e+01
  -3.7693543e+01   2.2028399e+00
  -3.1274138e+01   2.4605876e+01
  -3.8023525e+01   6.5026079e+00
  -3.8705090e+01   5.6328788e+00
  -3.4109231e+01  -2.8067750e+00
  -3.9249392e+01   8.3635028e+00
  -3.9446415e+01   7.2446082e+00
  -3.7439090e+01  -6.5036004e-01
  -3.9212759e+01   7.9357174e+00
  -3.8676969e+01   1.9200566e+01
  -3.9869622e+01   9.0056281e+00
  -3.7905938e+01   1.1829830e+01
  -3.0127092e+01   2.6292670e+01
  -3.5755134e+01   2.1694337e+01
  -3.9555995e+01   6.3722061e+00
  -3.8069210e+01   1.2093675e+01
  -3.8608686e+01   2.3374905e+01
  -3.9667213e+01   7.9777565e+00
  -3.9918176e+01   6.2774424e+00
  -3.8888836e+01   1.9156680e+00
  -4.1328535e+01   7.9711296e+00
  -3.8949677e+01   2.2191710e+00
  -3.6673638e+01  -8.2725614e-01
  -2.8993013e+01   2.5669070e+01
  -3.6332475e+01   6.5077639e-01
  -3.8574530e+01   1.8889118e+01
  -3.9964036e+01   8.7011146e+00
  -3.6804175e+01   1.3634334e+00
  -3.9882095e+01   1.6585846e+01
  -3.9139914e+01   4.0108078e+00
  -3.9862849e+01   5.9090655e+00
  -3.9941789e+01   1.1747810e+01
  -3.8820299e+01   1.4552755e+01
  -3.6292647e+01   2.1333644e+01
  -3.6710633e+01  -6.2713066e-01
  -3.9439022e+01   9.2265664e+00
  -3.9356212e+01   9.6591765e+00
  -3.8813852e+01   1.2766394e+01
  -3.4429057e+01  -3.1203415e+00
  -3.3698069e+01   2.4335948e+01
  -3.3781267e+01   2.3703419e+01
  -3.7164052e+01  -1.3062275e+00
  -3.4852113e+01   2.2044334e+01
  -3.2573426e+01   2.4794297e+01
  -3.6518573e+01   2.5383317e+00
  -4.0403606e+01   4.0892308e+00
  -3.8619518e+01   1.0510450e+01
  -3.8566421e+01   1.3956827e+01
  -3.8508708e+01   1.9802786e+01
  -3.9462055e+01   1.6718469e+01
  -4.0597000e+01   1.1037528e+01
  -4.0457040e+01   5.1713024e+00
  -3.9544968e+01   1.5967687e+01
  -3.4577143e+01   2.5561816e+01
  -3.8400658e+01   1.0824204e+01
  -3.7472573e+01   1.7991008e+01
  -3.9756846e+01   4.8159107e+00
  -2.8845563e+01   2.7144202e+01
  -3.7905257e+01   1.8796108e+01
  -3.8340085e+01   5.5082872e+00
  -3.6887035e+01   1.8572599e+01
  -3.7786701e+01  -2.5642663e+00
  -3.9943336e+01   2.9060558e+00
  -3.8836097e+01   1.7471073e+01
  -3.9079742e+01   9.2180989e+00
  -3.8953621e+01   9.9179144e+00
  -3.6470402e+01   2.2712611e+01
  -3.9598114e+01   9.1993699e+00
  -3.9876514e+01   5.8299395e+00
  -3.5845260e+01  -2.5113039e+00
  -3.6416771e+01   2.6456460e+00
  -3.3529726e+01   2.4456273e+01
  -3.7228642e+01   5.2131997e+00
  -3.7345857e+01  -6.3971514e-01
  -3.9934320e+01   1.6079999e+01
  -3.7695730e+01   1.7264774e+01
  -4.0139306e+01   6.0584910e+00
  -4.0933909e+01   1.3883668e+01
  -4.0064168e+01   1.3982606e+01
  -3.8550364e+01   1.2367911e+01
  -3.9603660e+01   1.4549410e+01
  -3.0151318e+01   2.7642249e+01
  -3.6542892e+01   2.0933292e+01
  -4.0187772e+01   7.2461417e+00
  -3.8492304e+01   9.4634529e+00
  -3.9354903e+01   1.2020967e+00
  -2.7439864e+01   2.7904019e+01
  -3.1774144e+01  -4.2409813e+00
  -3.9531788e+01   1.8966128e+01
  -3.9955112e+01   4.5509333e+00
  -3.9657298e+01   1.1268519e+01
  -3.8399984e+01   1.3801332e+01
  -3.5425645e+01  -1.8678632e+00
  -3.9802844e+01   9.9622987e+00
  -4.1034122e+01   1.2461191e+01
  -2.8062906e+01   2.8155734e+01
  -3.9097460e+01   1.0811844e+01
  -3.4269706e+01   2.2028730e+01
  -4.0265883e+01   1.2978650e+01
  -3.7895147e+01   2.0392192e+01
  -3.9010680e+01   7.8976822e+00
  -4.0536334e+01   1.6077714e+01
  -3.5194209e+01   2.4541049e+01
  -3.9397016e+01   1.5797796e+01
  -4.0708540e+01   5.9672074e+00
  -3.9910824e+01   1.1758647e+01
  -3.7308744e+01   1.8349258e+01
  -4.0045334e+01   5.2653368e+00
  -3.9660439e+01   5.4213084e+00
  -4.0099420e+01   1.9039281e+01
  -4.0188618e+01   1.1019447e+01
  -4.0712526e+01   1.5711609e+01
  -3.7134133e+01   1.8400034e+01
  -3.8486726e+01   1.8540632e+01
  -2.9340524e+01   2.7393188e+01
  -4.0506084e+01   5.7120641e+00
  -2.1084788e+01  -1.0987726e+01
  -4.0108501e+01   6.0341937e+00
  -3.9482826e+01   4.1822629e+00
  -3.5711223e+01  -2.9336931e+00
  -3.7375605e+01   2.0204921e+01
  -3.9225652e+01   1.6948411e+01
  -3.1238783e+01   2.5661262e+01
  -4.0833511e+01   1.9746590e+00
  -3.9580513e+01   1.6427129e+01
  -4.0356860e+01   8.9217090e+00
  -2.7568367e+01   2.6623347e+01
  -3.4254575e+01  -3.3648414e+00
  -3.9337656e+01   2.8651829e+00
  -4.0077398e+01   1.3735434e+01
  -2.0304084e+01  -1.1585820e+01
  -3.4576874e+01   2.2873350e+01
  -3.4878232e+01   2.2024929e+01
  -3.7785695e+01   1.9063587e+00
  -3.9131584e+01   1.7542518e+00
  -4.0019057e+01   1.5607127e+01
  -3.9708998e+01   1.4190675e+01
  -3.8622661e+01   1.4133901e+01
  -3.9710876e+01   1.3719366e+01
  -3.9774064e+01   1.5180349e+01
  -3.9430538e+01   1.0628430e+01
  -3.7392786e+01   3.1239178e+00
  -3.6513796e+01   5.8832056e-01
  -4.0380333e+01   8.0564176e+00
  -4.0155939e+01   8.5272548e+00
  -3.9487238e+01   1.6297124e+01
  -3.5825142e+01   2.3225692e+01
  -4.0207420e+01   1.3634377e+01
  -3.8464913e+01   1.7336762e+01
  -3.6117556e+01   2.2180404e+01
  -3.6229190e+01  -2.0528677e+00
  -4.0874916e+01   7.1954319e+00
  -3.1206181e+01  -4.9678819e+00
  -3.6717104e+01  -2.2762700e+00
  -3.9059062e+01   1.7974094e+01
  -3.3844120e+01   2.3075416e+01
  -3.7156418e+01   2.0258266e+01
  -3.7714380e+01   1.5840538e+01
  -3.4571440e+01   2.5785332e+01
  -4.0526940e+01   9.9732428e+00
  -3.8052248e+01   2.0576644e+01
  -3.4187260e+01   2.2046458e+01
  -3.9863555e+01   6.2501144e+00
  -4.1621425e+01   6.0634912e+00
  -3.9088416e+01   7.3883352e+00
  -3.8013887e+01   1.3281062e+00
  -3.7920577e+01   5.9603849e+00
  -3.8688594e+01   9.2718072e+00
  -3.8638704e+01   2.1239390e+01
  -3.5305210e+01   2.0175898e+01
  -3.8162779e+01   1.5980497e+01
  -4.0478302e+01   3.3051863e+00
  -3.8573336e+01   7.7334648e+00
  -3.9705877e+01   5.4273417e+00
  -3.8620829e+01   9.0630441e+00
  -3.6473400e+01  -8.7188737e-01
  -3.6439395e+01   2.1503892e+01
  -2.0350848e+01  -9.1656947e+00
  -3.9685136e+01   9.7006056e+00
  -3.8496248e+01   1.7998028e+01
  -3.9576535e+01   1.6165989e+01
  -2.2919108e+01   3.1437790e+01
  -3.7413185e+01   3.8228137e-01
  -3.7890012e+01   5.4974798e+00
  -4.0626733e+01   5.2269623e+00
  -3.1290112e+01  -5.1201044e+00
  -3.8608971e+01   4.3330635e+00
  -3.2094140e+01  -4.5240740e+00
  -3.9009803e+01   5.4638848e+00
  -3.8704147e+01   2.0600403e-01
  -3.5876644e+01  -5.8355773e+00
  -3.8077247e+01   6.3818818e-01
  -4.1196185e+01   1.3622030e+01
  -3.9911818e+01   8.1218438e+00
  -3.9002594e+01   1.5233703e+01
  -3.7414944e+01   1.8382745e+01
  -3.4212270e+01   2.0991716e+01
  -3.8701465e+01   1.1677684e+01
  -3.9982170e+01   8.2735533e+00
  -3.3363503e+01   2.5977237e+01
  -3.9242750e+01   9.2743311e+00
  -3.9810544e+01   7.3892876e+00
  -3.9607424e+01   6.7649942e+00
  -3.9943457e+01   3.0967170e+00
  -3.4985826e+01   2.5701011e+01
  -3.3393795e+01   2.3833829e+01
  -3.8861470e+01   3.0309750e+00
  -3.4822529e+01   2.4991631e+01
  -3.9615503e+01   1.1073292e+01
  -3.9401611e+01   5.5193656e+00
  -3.8484339e+01   1.5951216e+01
