   5.3766714e-01   7.9933710e-02
   1.8338850e+00  -9.4848098e-01
  -2.2588469e+00   4.1149062e-01
   8.6217332e-01   6.7697781e-01
   3.1876524e-01   8.5773255e-01
  -1.3076883e+00  -6.9115913e-01
  -4.3359202e-01   4.4937762e-01
   3.4262447e-01   1.0063335e-01
   3.5783969e+00   8.2607000e-01
   2.7694370e+00   5.3615708e-01
  -1.3498869e+00   8.9788843e-01
   3.0349235e+00  -1.3193787e-01
   7.2540422e-01  -1.4720146e-01
  -6.3054873e-02   1.0077734e+00
   7.1474290e-01  -2.1236555e+00
  -2.0496606e-01  -5.0458641e-01
  -1.2414435e-01  -1.2705944e+00
   1.4896976e+00  -3.8258480e-01
   1.4090345e+00   6.4867926e-01
   1.4171924e+00   8.2572715e-01
   6.7149713e-01  -1.0149436e+00
  -1.2074869e+00  -4.7106991e-01
   7.1723865e-01   1.3702487e-01
   1.6302353e+00  -2.9186338e-01
   4.8889377e-01   3.0181856e-01
   1.0346930e+00   3.9993094e-01
   7.2688513e-01  -9.2996156e-01
  -3.0344092e-01  -1.7683027e-01
   2.9387147e-01  -2.1320946e+00
  -7.8728280e-01   1.1453617e+00
   8.8839563e-01  -6.2909076e-01
  -1.1470701e+00  -1.2038500e+00
  -1.0688705e+00  -2.5394468e-01
  -8.0949869e-01  -1.4286469e+00
  -2.9442842e+00  -2.0857618e-02
   1.4383803e+00  -5.6066500e-01
   3.2519054e-01   2.1777787e+00
  -7.5492832e-01   1.1384654e+00
   1.3702985e+00  -2.4968865e+00
  -1.7115164e+00   4.4132693e-01
  -1.0224245e-01  -1.3981379e+00
  -2.4144704e-01  -2.5505518e-01
   3.1920674e-01   1.6440407e-01
   3.1285860e-01   7.4773403e-01
  -8.6487992e-01  -2.7304695e-01
  -3.0051296e-02   1.5763001e+00
  -1.6487902e-01  -4.8093715e-01
   6.2770729e-01   3.2751212e-01
   1.0932657e+00   6.6473412e-01
   1.1092733e+00   8.5188593e-02
  -8.6365282e-01   8.8095279e-01
   7.7359091e-02   3.2321314e-01
  -1.2141170e+00  -7.8414618e-01
  -1.1135007e+00  -1.8053734e+00
  -6.8493281e-03   1.8585929e+00
   1.5326303e+00  -6.0453009e-01
  -7.6966591e-01   1.0335972e-01
   3.7137881e-01   5.6316696e-01
  -2.2558440e-01   1.1359700e-01
   1.1173561e+00  -9.0472621e-01
  -1.0890643e+00  -4.6771458e-01
   3.2557464e-02  -1.2488995e-01
   5.5252702e-01   1.4789585e+00
   1.1006102e+00  -8.6081569e-01
   1.5442119e+00   7.8466847e-01
   8.5931133e-02   3.0862314e-01
  -1.4915903e+00  -2.3386004e-01
  -7.4230184e-01  -1.0569727e+00
  -1.0615817e+00  -2.8414095e-01
   2.3504572e+00  -8.6690282e-02
  -6.1560188e-01  -1.4693951e+00
   7.4807678e-01   1.9218224e-01
  -1.9241851e-01  -8.2229328e-01
   8.8861043e-01  -9.4240588e-02
  -7.6484924e-01   3.3621334e-01
  -1.4022690e+00  -9.0465406e-01
  -1.4223759e+00  -2.8825636e-01
   4.8819391e-01   3.5006276e-01
  -1.7737516e-01  -1.8358591e+00
  -1.9605349e-01   1.0359759e+00
   1.4193102e+00   2.4244611e+00
   2.9158437e-01   9.5940051e-01
   1.9781105e-01  -3.1577200e-01
   1.5876991e+00   4.2862268e-01
  -8.0446596e-01  -1.0359848e+00
   6.9662442e-01   1.8778655e+00
   8.3508817e-01   9.4070440e-01
  -2.4371514e-01   7.8734578e-01
   2.1567009e-01  -8.7587426e-01
  -1.1658439e+00   3.1994913e-01
  -1.1479528e+00  -5.5829428e-01
   1.0487472e-01  -3.1142942e-01
   7.2225403e-01  -5.7000992e-01
   2.5854913e+00  -1.0257336e+00
  -6.6689067e-01  -9.0874559e-01
   1.8733102e-01  -2.0989733e-01
  -8.2494425e-02  -1.6988641e+00
  -1.9330229e+00   6.0760058e-01
  -4.3896615e-01  -1.1779829e-01
  -1.7946788e+00   6.9916033e-01
   8.4037553e-01   2.6964864e-01
  -8.8803208e-01   4.9428706e-01
   1.0009283e-01  -1.4831210e+00
  -5.4452893e-01  -1.0202644e+00
   3.0352079e-01  -4.4699501e-01
  -6.0032656e-01   1.0965859e-01
   4.8996532e-01   1.1287365e+00
   7.3936312e-01  -2.8996304e-01
   1.7118878e+00   1.2615507e+00
  -1.9412354e-01   4.7542481e-01
  -2.1383553e+00   1.1741168e+00
  -8.3958875e-01   1.2694707e-01
   1.3545943e+00  -6.5681593e-01
  -1.0721553e+00  -1.4813991e+00
   9.6095387e-01   1.5548900e-01
   1.2404980e-01   8.1855137e-01
   1.4366966e+00  -2.9258813e-01
  -1.9609000e+00  -5.4078642e-01
  -1.9769823e-01  -3.0864182e-01
  -1.2078455e+00  -1.0965933e+00
   2.9080080e+00  -4.9300982e-01
   8.2521889e-01  -1.8073936e-01
   1.3789720e+00   4.5841106e-02
  -1.0581803e+00  -6.3783120e-02
  -4.6861558e-01   6.1133519e-01
  -2.7246941e-01   1.0931769e-01
   1.0984246e+00   1.8140155e+00
  -2.7787193e-01   3.1202383e-01
   7.0154146e-01   1.8044938e+00
  -2.0518163e+00  -7.2312148e-01
  -3.5385000e-01   5.2654704e-01
  -8.2358653e-01  -2.6025086e-01
  -1.5770570e+00   6.0014251e-01
   5.0797465e-01   5.9393080e-01
   2.8198406e-01  -2.1860216e+00
   3.3479882e-02  -1.3270431e+00
  -1.3336779e+00  -1.4410136e+00
   1.1274923e+00   4.0184450e-01
   3.5017941e-01   1.4702013e+00
  -2.9906603e-01  -3.2681423e-01
   2.2889793e-02   8.1232300e-01
  -2.6199543e-01   5.4554010e-01
  -1.7502124e+00  -1.0516323e+00
  -2.8565097e-01   3.9746700e-01
  -8.3136651e-01  -7.5189474e-01
  -9.7920631e-01   1.5162669e+00
  -1.1564017e+00  -3.2566509e-02
  -5.3355711e-01   1.6359997e+00
  -2.0026357e+00  -4.2505849e-01
   9.6422942e-01   5.8943337e-01
   5.2006010e-01  -6.2791226e-02
  -2.0027852e-02  -2.0219589e+00
  -3.4771086e-02  -9.8213153e-01
  -7.9816358e-01   6.1251130e-01
   1.0186853e+00  -5.4886130e-02
  -1.3321748e-01  -1.1187320e+00
  -7.1453016e-01  -6.2637854e-01
   1.3513858e+00   2.4951774e-01
  -2.2477106e-01  -9.9301901e-01
  -5.8902903e-01   9.7495022e-01
  -2.9375360e-01  -6.4070951e-01
  -8.4792624e-01   1.8088626e+00
  -1.1201283e+00  -1.0798663e+00
   2.5259997e+00   1.9918944e-01
   1.6554976e+00  -1.5210266e+00
   3.0753516e-01  -7.2363113e-01
  -1.2571184e+00  -5.9325032e-01
  -8.6546803e-01   4.0133634e-01
  -1.7653411e-01   9.4213332e-01
   7.9141606e-01   3.0048597e-01
  -1.3320044e+00  -3.7307066e-01
  -2.3298672e+00   8.1548851e-01
  -1.4490973e+00   7.9888699e-01
   3.3351083e-01   1.2020528e-01
   3.9135360e-01   5.7124763e-01
   4.5167942e-01   4.1279601e-01
  -1.3028465e-01  -9.8696188e-01
   1.8368910e-01   7.5956833e-01
  -4.7615302e-01  -6.5720130e-01
   8.6202161e-01  -6.0391848e-01
  -1.3616945e+00   1.7694682e-01
   4.5502956e-01  -3.0750347e-01
  -8.4870938e-01  -1.3182035e-01
  -3.3488694e-01   5.9535767e-01
   5.5278335e-01   1.0468328e+00
   1.0390907e+00  -1.9795863e-01
  -1.1176387e+00   3.2767816e-01
   1.2606587e+00  -2.3830150e-01
   6.6014314e-01   2.2959689e-01
  -6.7865554e-02   4.3999790e-01
  -1.9522120e-01  -6.1686593e-01
  -2.1760635e-01   2.7483679e-01
  -3.0310762e-01   6.0110203e-01
   2.3045624e-02   9.2307951e-02
   5.1290356e-02   1.7298414e+00
   8.2606279e-01  -6.0855744e-01
   1.5269767e+00  -7.3705977e-01
   4.6691444e-01  -1.7498793e+00
  -2.0971334e-01   9.1048258e-01
   6.2519036e-01   8.6708255e-01
   1.8322726e-01  -7.9892839e-02
  -1.0297675e+00   8.9847599e-01
   9.4922183e-01   1.8370342e-01
   3.0706192e-01   2.9079013e-01
   1.3517494e-01   1.1294472e-01
   5.1524634e-01   4.3995219e-01
   2.6140632e-01   1.0166244e-01
  -9.4148577e-01   2.7873352e+00
  -1.6233767e-01  -1.1666650e+00
  -1.4605463e-01  -1.8542991e+00
  -5.3201138e-01  -1.1406811e+00
   1.6821036e+00  -1.0933435e+00
  -8.7572935e-01  -4.3360930e-01
  -4.8381505e-01  -1.6846988e-01
  -7.1200455e-01  -2.1853356e-01
  -1.1742123e+00   5.4133444e-01
  -1.9223952e-01   3.8926620e-01
  -2.7407023e-01   7.5122898e-01
   1.5300725e+00   1.7782559e+00
  -2.4902474e-01   1.2230626e+00
  -1.0642134e+00  -1.2832561e+00
   1.6034573e+00  -2.3289545e+00
   1.2346791e+00   9.0193147e-01
  -2.2962645e-01  -1.8356387e+00
  -1.5061597e+00   6.6756911e-02
  -4.4462782e-01   3.5479486e-02
  -1.5594104e-01   2.2271681e+00
   2.7606825e-01  -6.9214254e-02
  -2.6116365e-01  -5.0732306e-01
   4.4342191e-01   2.3580967e-01
   3.9189421e-01   2.4580485e-01
  -1.2506789e+00   7.0045209e-02
  -9.4796092e-01  -6.0858051e-01
  -7.4110609e-01  -1.2225934e+00
  -5.0781755e-01   3.1650036e-01
  -3.2057551e-01  -1.3428692e+00
   1.2469041e-02  -1.0321843e+00
  -3.0291773e+00   1.3312159e+00
  -4.5701464e-01  -4.1890320e-01
   1.2424484e+00  -1.4032172e-01
  -1.0667014e+00   8.9982233e-01
   9.3372816e-01  -3.0011101e-01
   3.5032100e-01   1.0293657e+00
  -2.9005764e-02  -3.4506597e-01
   1.8245217e-01   1.0128019e+00
  -1.5650560e+00   6.2933458e-01
  -8.4539480e-02  -2.1301508e-01
   1.6039464e+00  -8.6569731e-01
   9.8347775e-02  -1.0431083e+00
   4.1373613e-02  -2.7006881e-01
  -7.3416911e-01  -4.3814136e-01
  -3.0813730e-02  -4.0867431e-01
   2.3234701e-01   9.8354524e-01
   4.2638756e-01  -2.9769714e-01
  -3.7280874e-01   1.1436789e+00
  -2.3645458e-01  -5.3162012e-01
   2.0236909e+00   9.7256573e-01
  -2.2583540e+00  -5.2225048e-01
   2.2294457e+00   1.7657779e-01
   3.3756370e-01   9.7073782e-01
   1.0000608e+00  -4.1397227e-01
  -1.6641645e+00  -4.3827052e-01
  -5.9003456e-01   2.0033906e+00
  -2.7806416e-01   9.5099350e-01
   4.2271569e-01  -4.3200384e-01
  -1.6702007e+00   6.4894074e-01
   4.7163433e-01  -3.6007630e-01
  -1.2128472e+00   7.0588502e-01
   6.6190048e-02   1.4158491e+00
   6.5235589e-01  -1.6045157e+00
   3.2705997e-01   1.0288531e+00
   1.0826335e+00   1.4579678e+00
   1.0060771e+00   4.7471323e-02
  -6.5090774e-01   1.7462567e+00
   2.5705616e-01   1.5538751e-01
  -9.4437781e-01  -1.2371197e+00
  -1.3217885e+00  -2.1934943e+00
   9.2482593e-01  -3.3340707e-01
   4.9849075e-05   7.1354330e-01
  -5.4918915e-02   3.1740773e-01
   9.1112727e-01   4.1361039e-01
   5.9458370e-01  -5.7708558e-01
   3.5020117e-01   1.4400180e-01
   1.2502512e+00  -1.6386657e+00
   9.2978946e-01  -7.6009000e-01
   2.3976326e-01  -8.1879310e-01
  -6.9036110e-01   5.1972889e-01
  -6.5155364e-01  -1.4160059e-02
   1.1921019e+00  -1.1555294e+00
  -1.6118304e+00  -9.5249161e-03
  -2.4461937e-02  -6.8981054e-01
  -1.9488472e+00  -6.6669915e-01
   1.0204980e+00   8.6414942e-01
   8.6171630e-01   1.1341944e-01
   1.1620835e-03   3.9836285e-01
  -7.0837213e-02   8.8396989e-01
  -2.4862839e+00   1.8025769e-01
   5.8117232e-01   5.5085452e-01
  -2.1924349e+00   6.8296428e-01
  -2.3192803e+00   1.1706087e+00
   5.4758606e+00   5.4363754e+00
   6.4122327e+00   4.4956375e+00
   5.0226085e+00   5.1021077e+00
   4.9521306e+00   6.1962505e+00
   6.7013347e+00   5.1202828e+00
   4.4902883e+00   3.9631566e+00
   4.9971450e+00   4.1428968e+00
   5.9198671e+00   4.8301257e+00
   5.1498087e+00   4.8083317e+00
   6.4049334e+00   4.1341848e+00
   6.0341215e+00   5.1806641e+00
   5.2915703e+00   6.2665285e+00
   4.2223015e+00   4.7488307e+00
   5.5666961e+00   4.7954299e+00
   3.6173788e+00   2.7984781e+00
   5.2444747e+00   4.2254869e+00
   5.8084388e+00   3.6067274e+00
   5.2130417e+00   4.6137653e+00
   5.8796772e+00   5.5255864e+00
   7.0388763e+00   6.5232693e+00
   5.9239324e+00   6.7984945e+00
   5.2669174e+00   4.8831157e+00
   5.6416615e+00   4.6798038e+00
   5.4254854e+00   5.8175163e+00
   3.6852765e+00   5.4901592e+00
   4.5835888e+00   5.7652512e+00
   6.2246878e+00   5.7782790e+00
   4.9564158e+00   3.5196948e+00
   5.5824233e+00   5.5403640e+00
   3.9934999e+00   4.9084610e+00
   5.0645167e+00   4.2397476e+00
   5.6002919e+00   4.3064046e+00
   3.6384850e+00   6.2814578e+00
   5.3475926e+00   4.1902624e+00
   4.8181568e+00   3.7631816e+00
   4.0604652e+00   5.2146864e+00
   4.9624668e+00   7.0107718e+00
   3.1036955e+00   5.0255544e+00
   2.8720232e+00   5.3082994e+00
   3.8230767e+00   4.0617528e+00
   4.0094678e+00   6.6742160e+00
   3.8269677e+00   5.1249882e+00
   3.2745722e+00   5.5301013e+00
   5.2882281e+00   4.0479318e+00
   3.4058163e+00   5.8540428e+00
   5.1102188e+00   5.3891457e+00
   5.7870667e+00   3.8439989e+00
   4.9977732e+00   5.0397401e+00
   5.0931088e+00   4.5494014e+00
   4.6218429e+00   5.1092479e+00
   3.5173239e+00   4.7494472e+00
   4.9561814e+00   4.8100983e+00
   5.9608252e+00   3.9670865e+00
   6.7382449e+00   4.6767081e+00
   4.5697938e+00   5.7665269e+00
   3.3726773e+00   6.7446732e+00
   5.1663475e+00   3.8394801e+00
   5.3762659e+00   7.3774119e+00
   4.7730495e+00   6.5260780e+00
   3.8510877e+00   5.1685075e+00
   7.0243326e+00   4.6987935e+00
   2.6404765e+00   4.3013457e+00
   4.4900280e+00   5.8327706e+00
   3.6783744e+00   4.3053947e+00
   4.3638718e+00   4.5381170e+00
   5.3178514e+00   5.8836171e+00
   5.1380480e+00   5.4359442e+00
   4.2892649e+00   5.8967474e+00
   5.7770035e+00   5.5047320e+00
   5.6223939e+00   4.5991029e+00
   5.6473809e+00   4.4861520e+00
   4.5743683e+00   5.7963676e+00
   6.0485808e+00   4.3288098e+00
   5.6607071e+00   6.1866590e+00
   7.5087725e+00   5.7907020e+00
   6.0634596e+00   5.2877215e+00
   6.1569217e+00   5.0032261e+00
   5.0529788e+00   5.3656172e+00
   3.7116140e+00   8.5266778e+00
   4.6287788e+00   4.8875633e+00
   4.2422081e+00   3.4434061e+00
   4.4360311e+00   6.9151023e+00
   5.5551386e+00   5.6098461e+00
   4.4432219e+00   4.3520884e+00
   4.1048869e+00   7.6173349e+00
   4.5906723e+00   5.5509504e+00
   4.8391132e+00   5.2942037e+00
   5.4093344e+00   4.2221562e+00
   4.0473640e+00   3.9350699e+00
   5.3173175e+00   3.2315860e+00
   5.0780201e+00   4.5770805e+00
   6.3243854e+00   3.9468976e+00
   4.7868295e+00   5.6477552e+00
   4.8655214e+00   4.6823718e+00
   3.8286442e+00   6.7689916e+00
   3.6147373e+00   6.5105824e+00
   5.3105083e+00   5.1640103e+00
   4.7505109e+00   4.7172363e+00
   5.5037441e+00   6.1521658e+00
   4.1073386e+00   3.8534924e+00
   6.9085123e+00   5.6736987e+00
   5.1222307e+00   4.3308870e+00
   6.0470333e+00   4.5996773e+00
   4.7730798e+00   4.3281976e+00
   4.8374981e+00   5.5756290e+00
   5.6900519e+00   4.2219065e+00
   5.5557568e+00   3.9364388e+00
   3.8797450e+00   5.5529783e+00
   3.4673070e+00   4.5765712e+00
   3.9021322e+00   5.3615872e+00
   3.5842267e+00   4.6481108e+00
   5.0595706e+00   5.2695407e+00
   4.5887491e+00   2.4355506e+00
   4.6319893e+00   5.4658641e+00
   3.6390369e+00   6.8535609e+00
   5.7795674e+00   6.0392893e+00
   5.4394111e+00   5.9108966e+00
   4.9103775e+00   4.7602687e+00
   6.0211801e+00   5.1809981e+00
   4.1260205e+00   5.2442495e+00
   5.4147003e+00   5.0963929e+00
   5.3484412e+00   4.1695315e+00
   5.3492544e+00   4.6477478e+00
   4.2707527e+00   4.8252250e+00
   5.3268402e+00   4.5193466e+00
   4.4851184e+00   5.8368367e+00
   4.1035538e+00   7.5383493e+00
   3.7967318e+00   3.6766657e+00
   6.0378156e+00   5.1283403e+00
   4.1540558e+00   3.5576208e+00
   4.8270862e+00   6.3025082e+00
   3.7913479e+00   6.4099115e+00
   4.7028732e+00   3.3374570e+00
   1.7679622e+00   6.9436845e+00
   3.9130408e+00   3.9153015e+00
   3.5735638e+00   5.2268190e+00
   3.9855492e+00   6.0989292e+00
   4.7867328e+00   5.1471888e+00
   4.6746522e+00   7.2956658e+00
   6.9443978e+00   7.7525579e+00
   4.4282268e+00   5.1383177e+00
   4.7499677e+00   3.0929338e+00
   3.4306845e+00   4.6350070e+00
   4.5226173e+00   4.1518900e+00
   3.6620233e+00   4.2352466e+00
   5.0302990e+00   3.8723052e+00
   5.8530868e+00   5.0781889e+00
   5.4042535e+00   7.1066297e+00
   4.2993798e+00   4.2841526e+00
   3.3694571e+00   4.7194843e+00
   6.4600132e+00   6.1664750e+00
   7.0500427e+00   6.2128214e+00
   5.1205006e+00   5.4855410e+00
   4.0100984e+00   6.0260165e+00
   6.1977715e+00   5.8707260e+00
   4.4073438e+00   4.6182421e+00
   4.5301906e+00   5.4288930e+00
   5.8863774e+00   4.7008695e+00
   3.6147802e+00   4.1001315e+00
   3.0432460e+00   5.6347455e+00
   5.4206837e+00   5.0674536e+00
   5.4007380e+00   4.8128795e+00
   5.0951422e+00   5.2917275e+00
   5.4966844e+00   5.9876947e+00
   6.0822406e+00   5.3929346e+00
   5.9704478e+00   5.1945514e+00
   4.4314304e+00   5.2797850e+00
   5.8099721e+00   5.0512203e+00
   5.1732474e+00   4.2255338e+00
   4.4944574e+00   5.7867817e+00
   3.8066942e+00   6.4089070e+00
   5.6469709e+00   4.4659014e+00
   4.6463774e+00   6.9277584e+00
   5.0464345e+00   4.8237525e+00
   4.2070525e+00   4.7562496e+00
   3.4494855e+00   4.1023993e+00
   5.1715864e+00   4.2076631e+00
   4.9378609e+00   4.0470253e+00
   6.1990279e+00   5.3539055e+00
   5.8017041e+00   6.5970263e+00
   6.0533046e+00   5.5274703e+00
   4.2511232e+00   5.8542023e+00
   4.0636735e+00   6.3418465e+00
   3.7309132e+00   2.5004666e+00
   5.4979806e+00   4.8324407e+00
   7.7890811e+00   5.3530153e+00
   5.7275720e+00   5.7172537e+00
   4.2269359e+00   3.6951484e+00
   5.8366338e+00   3.9941310e+00
   3.8716697e+00   5.7906835e+00
   3.5755299e+00   4.8834287e+00
   5.7174423e+00   5.5530899e+00
   4.2220945e+00   4.0393552e+00
   5.3159859e+00   3.3661976e+00
   6.4065351e+00   5.7612003e+00
   5.4011246e+00   6.1933072e+00
   5.9296603e+00   6.6320572e+00
   3.3941978e+00   3.4678104e+00
   5.6615362e+00   3.6631476e+00
   7.1385023e+00   3.5261535e+00
   5.5411394e+00   4.9583369e+00
   3.4591228e+00   4.3844927e+00
   4.7968572e+00   6.3141548e+00
   4.5000348e+00   3.5449334e+00
   5.3830239e+00   3.2576508e+00
   5.4120354e+00   5.2053047e+00
   5.4054926e+00   6.1929304e+00
   4.6362192e+00   4.1971769e+00
   4.4007280e+00   3.7343636e+00
   4.4104110e+00   4.8506686e+00
   5.8535408e+00   3.3635533e+00
   3.1469919e+00   5.0173443e+00
   4.7926968e+00   5.8283873e+00
   5.2703782e+00   5.2177383e+00
   4.3472290e+00   3.0907551e+00
   5.4772273e+00   4.4631782e+00
   4.9286803e+00   4.6979677e+00
   4.0616987e+00   6.8135821e+00
   5.1613635e+00   5.9148518e+00
   4.7318171e+00   4.9429193e+00
   4.5901274e+00   6.3093621e+00
   4.2886773e+00   3.9552642e+00
   5.0614455e+00   4.6517332e+00
   3.1538708e+00   6.4125612e+00
   4.6016669e+00   6.5023829e+00
   4.4564519e+00   5.7303760e+00
   4.0881015e+00   5.4907523e+00
   5.6526986e+00   4.4138739e+00
   4.2657287e+00   5.7448997e+00
   5.5406331e+00   4.1718450e+00
   5.9758409e+00   5.5745207e+00
   4.8431296e+00   5.2818414e+00
   5.2777993e+00   6.1393063e+00
   5.6395173e+00   4.5741322e+00
   4.9190220e+00   5.6361399e+00
   5.5408701e+00   5.7931781e+00
   3.7374352e+00   4.1016229e+00
   6.1104238e+00   5.1562448e+00
   4.0104373e+00   6.5972539e+00
   3.1711641e+00   5.1124397e+00
   6.3844985e+00   4.6913751e+00
   4.9372732e+00   5.4566596e+00
   5.4489211e+00   4.7248992e+00
   4.6367415e+00   5.4431436e+00
   3.9794166e+00   4.8652349e+00
   1.9270115e+00   4.9816718e+00
   5.6262790e+00   5.4607894e+00
   4.7133155e+00   6.3623155e+00
   4.8026571e+00   5.4518746e+00
   5.4056054e+00   6.6483837e+00
   3.5806515e+00   2.9716380e+00
   4.2705548e+00   4.5507432e+00
   6.1473278e+00   5.2359932e+00
   5.5978646e+00   4.1648270e+00
   3.7187187e+00   3.7240448e+00
   2.7967358e+00   5.6170351e+00
   4.4287537e+00   5.6127015e+00
   5.2139965e+00   5.2893812e+00
   5.9423769e+00   5.3953161e+00
   5.0937255e+00   4.1294372e+00
   3.8776883e+00   4.5023116e+00
   5.3061578e+00   4.8933282e+00
   3.8276651e+00   4.3121709e+00
   4.0390334e+00   5.3318809e+00
   4.3462650e+00   7.3652247e+00
   3.7706064e+00   4.5177693e+00
   4.7290349e+00   5.6474482e+00
   4.1000499e+00   3.9655753e+00
   4.7143139e+00   6.3395546e+00
   4.5375785e+00   4.0308596e+00
   4.5902148e+00   5.2087156e+00
   4.4964610e+00   4.3814066e+00
   6.2332971e+00   5.5120156e+00
   5.6103052e+00   5.0113542e+00
   5.0590722e+00   4.9560114e+00
   3.5330533e+00   7.9490925e+00
   3.3741967e+00   4.3699538e+00
   3.0352476e+00   4.9531206e+00
   7.6051958e+00   7.6830255e+00
   5.9723748e+00   3.8533093e+00
   5.2569810e+00   5.5529987e+00
   4.0257595e+00   3.9235416e+00
   3.8536356e+00   6.0306396e+00
   5.5476395e+00   5.3275298e+00
   6.5650840e+00   5.6521248e+00
   3.3066563e+00   4.7211389e+00
   4.5506026e+00   5.2451916e+00
   4.9157079e+00   6.4725135e+00
   3.0080028e+00   2.7248985e+00
   5.8412457e+00   3.3667093e+00
   4.5853411e+00   5.4154689e+00
   6.9121808e+00   4.3452311e+00
   4.6091013e+00   4.7036517e+00
   5.4091821e+00   3.5030811e+00
   3.8575718e+00   4.0951656e+00
   4.3751362e+00   4.5958185e+00
   3.8312772e+00   4.2742018e+00
   5.3925753e+00   4.1335150e+00
   6.3018395e+00   4.5781532e+00
   4.4063582e+00   4.0573337e+00
